8 100 8

new_orb 0
center 0.25 0.25 0.25
    2.54837700     2.54063100     2.51753400     2.47950500     2.42722800     2.36163100
    2.28385900     2.19524300     2.09725800     1.99148400     1.87956800     1.76317300
    1.64394800     1.52348100     1.40327300     1.28470500     1.16901700     1.05729100
    0.95043800     0.84920000     0.75414000     0.66565700     0.58399000     0.50923300
    0.44135100     0.38019700     0.32552900     0.27703000     0.23432600     0.19700200
    0.16461800     0.13672300     0.11286600     0.09260700     0.07552300     0.06121700
    0.04932000     0.03949400     0.03143300     0.02486600     0.01955200     0.01528000
    0.01186900     0.00916400     0.00703200     0.00536400     0.00406600     0.00306400
    0.00229500     0.00170800     0.00126400     0.00092900     0.00067900     0.00049400
    0.00035600     0.00025600     0.00018200     0.00012900     0.00009100     0.00006400
    0.00004400     0.00003100     0.00002100     0.00001400     0.00001000     0.00000700
    0.00000400     0.00000300     0.00000200     0.00000100     0.00000100     0.00000100
    0.00000000     0.00000000     0.00000000     0.00000000     0.00000000     0.00000000
    0.00000000     0.00000000     0.00000000     0.00000000     0.00000000     0.00000000
    0.00000000     0.00000000     0.00000000     0.00000000     0.00000000     0.00000000
    0.00000000     0.00000000     0.00000000     0.00000000     0.00000000     0.00000000
    0.00000000     0.00000000     0.00000000     0.00000000 
new_orb 1
center 0.25 0.25 0.25
    0.00000000     0.14637300     0.29007800     0.42852700     0.55929800     0.68020000
    0.78934200     0.88517600     0.96653900     1.03266700     1.08320200     1.11818300
    1.13801800     1.14344900     1.13550600     1.11545300     1.08473300     1.04490500
    0.99759200     0.94442000     0.88697400     0.82675600     0.76514800     0.70338700
    0.64254700     0.58353400     0.52707500     0.47373200     0.42390400     0.37784400
    0.33567600     0.29741200     0.26297300     0.23220400     0.20489700     0.18080400
    0.15965600     0.14116900     0.12506200     0.11105900     0.09889900     0.08834100
    0.07916400     0.07116800     0.06418100     0.05804700     0.05263800     0.04784000
    0.04356000     0.03972000     0.03625400     0.03311100     0.03024700     0.02762600
    0.02522100     0.02300800     0.02096800     0.01908700     0.01735000     0.01574700
    0.01426900     0.01290700     0.01165300     0.01050200     0.00944600     0.00847900
    0.00759600     0.00679100     0.00605900     0.00539500     0.00479300     0.00425000
    0.00376100     0.00332100     0.00292600     0.00257300     0.00225800     0.00197700
    0.00172800     0.00150700     0.00131100     0.00113900     0.00098700     0.00085400
    0.00073700     0.00063500     0.00054600     0.00046800     0.00040100     0.00034200
    0.00029200     0.00024800     0.00021100     0.00017900     0.00015100     0.00012800
    0.00010800     0.00009000     0.00007600     0.00006400 
new_orb 2
center 0.25 0.25 0.25
    0.00000000     0.14628600     0.28990700     0.42827800     0.55897800     0.67982200
    0.78891700     0.88471900     0.96606300     1.03218700     1.08273200     1.11773600
    1.13760400     1.14307800     1.13518400     1.11518600     1.08452300     1.04475400
    0.99749700     0.94437800     0.88698200     0.82680700     0.76523600     0.70350400
    0.64268800     0.58369000     0.52724100     0.47390200     0.42407200     0.37800700
    0.33583000     0.29755500     0.26310100     0.23231800     0.20499600     0.18088900
    0.15972600     0.14122600     0.12510700     0.11109300     0.09892400     0.08835800
    0.07917400     0.07117300     0.06418100     0.05804500     0.05263300     0.04783400
    0.04355300     0.03971300     0.03624800     0.03310500     0.03024100     0.02762200
    0.02521700     0.02300500     0.02096600     0.01908600     0.01735000     0.01574800
    0.01427000     0.01290900     0.01165600     0.01050500     0.00944900     0.00848200
    0.00759900     0.00679500     0.00606300     0.00539800     0.00479700     0.00425400
    0.00376400     0.00332400     0.00292900     0.00257600     0.00226100     0.00198000
    0.00173000     0.00150900     0.00131300     0.00114100     0.00098900     0.00085500
    0.00073800     0.00063600     0.00054700     0.00046900     0.00040200     0.00034300
    0.00029300     0.00024900     0.00021200     0.00017900     0.00015200     0.00012800
    0.00010800     0.00009100     0.00007600     0.00006400 
new_orb 3
center 0.25 0.25 0.25
    0.00000000     0.14634100     0.29001400     0.42843400     0.55917900     0.68005900
    0.78918300     0.88500500     0.96636100     1.03248600     1.08302500     1.11801400
    1.13786100     1.14330700     1.13538200     1.11534900     1.08465000     1.04484400
    0.99755200     0.94440000     0.88697300     0.82677100     0.76517700     0.70342800
    0.64259800     0.58359100     0.52713700     0.47379600     0.42396800     0.37790700
    0.33573600     0.29746900     0.26302500     0.23225100     0.20493800     0.18084100
    0.15968700     0.14119600     0.12508400     0.11107700     0.09891400     0.08835300
    0.07917200     0.07117500     0.06418500     0.05805100     0.05264000     0.04784100
    0.04356100     0.03972000     0.03625500     0.03311100     0.03024700     0.02762600
    0.02522100     0.02300800     0.02096900     0.01908700     0.01735100     0.01574800
    0.01427000     0.01290800     0.01165400     0.01050300     0.00944700     0.00848000
    0.00759700     0.00679200     0.00606000     0.00539600     0.00479500     0.00425100
    0.00376200     0.00332200     0.00292700     0.00257400     0.00225900     0.00197800
    0.00172900     0.00150800     0.00131200     0.00114000     0.00098800     0.00085400
    0.00073700     0.00063500     0.00054600     0.00046800     0.00040100     0.00034300
    0.00029200     0.00024900     0.00021100     0.00017900     0.00015100     0.00012800
    0.00010800     0.00009100     0.00007600     0.00006400 
new_orb 0
center 0.0 0.0 0.0
    2.54837700     2.54063100     2.51753400     2.47950500     2.42722800     2.36163100
    2.28385900     2.19524300     2.09725800     1.99148400     1.87956800     1.76317300
    1.64394800     1.52348100     1.40327300     1.28470500     1.16901700     1.05729100
    0.95043800     0.84920000     0.75414000     0.66565700     0.58399000     0.50923300
    0.44135100     0.38019700     0.32552900     0.27703000     0.23432600     0.19700200
    0.16461800     0.13672300     0.11286600     0.09260700     0.07552300     0.06121700
    0.04932000     0.03949400     0.03143300     0.02486600     0.01955200     0.01528000
    0.01186900     0.00916400     0.00703200     0.00536400     0.00406600     0.00306400
    0.00229500     0.00170800     0.00126400     0.00092900     0.00067900     0.00049400
    0.00035600     0.00025600     0.00018200     0.00012900     0.00009100     0.00006400
    0.00004400     0.00003100     0.00002100     0.00001400     0.00001000     0.00000700
    0.00000400     0.00000300     0.00000200     0.00000100     0.00000100     0.00000100
    0.00000000     0.00000000     0.00000000     0.00000000     0.00000000     0.00000000
    0.00000000     0.00000000     0.00000000     0.00000000     0.00000000     0.00000000
    0.00000000     0.00000000     0.00000000     0.00000000     0.00000000     0.00000000
    0.00000000     0.00000000     0.00000000     0.00000000     0.00000000     0.00000000
    0.00000000     0.00000000     0.00000000     0.00000000 
new_orb 1
center 0.0 0.0 0.0
    0.00000000     0.14637300     0.29007800     0.42852700     0.55929800     0.68020000
    0.78934200     0.88517600     0.96653900     1.03266700     1.08320200     1.11818300
    1.13801800     1.14344900     1.13550600     1.11545300     1.08473300     1.04490500
    0.99759200     0.94442000     0.88697400     0.82675600     0.76514800     0.70338700
    0.64254700     0.58353400     0.52707500     0.47373200     0.42390400     0.37784400
    0.33567600     0.29741200     0.26297300     0.23220400     0.20489700     0.18080400
    0.15965600     0.14116900     0.12506200     0.11105900     0.09889900     0.08834100
    0.07916400     0.07116800     0.06418100     0.05804700     0.05263800     0.04784000
    0.04356000     0.03972000     0.03625400     0.03311100     0.03024700     0.02762600
    0.02522100     0.02300800     0.02096800     0.01908700     0.01735000     0.01574700
    0.01426900     0.01290700     0.01165300     0.01050200     0.00944600     0.00847900
    0.00759600     0.00679100     0.00605900     0.00539500     0.00479300     0.00425000
    0.00376100     0.00332100     0.00292600     0.00257300     0.00225800     0.00197700
    0.00172800     0.00150700     0.00131100     0.00113900     0.00098700     0.00085400
    0.00073700     0.00063500     0.00054600     0.00046800     0.00040100     0.00034200
    0.00029200     0.00024800     0.00021100     0.00017900     0.00015100     0.00012800
    0.00010800     0.00009000     0.00007600     0.00006400 
new_orb 2
center 0.0 0.0 0.0
    0.00000000     0.14628600     0.28990700     0.42827800     0.55897800     0.67982200
    0.78891700     0.88471900     0.96606300     1.03218700     1.08273200     1.11773600
    1.13760400     1.14307800     1.13518400     1.11518600     1.08452300     1.04475400
    0.99749700     0.94437800     0.88698200     0.82680700     0.76523600     0.70350400
    0.64268800     0.58369000     0.52724100     0.47390200     0.42407200     0.37800700
    0.33583000     0.29755500     0.26310100     0.23231800     0.20499600     0.18088900
    0.15972600     0.14122600     0.12510700     0.11109300     0.09892400     0.08835800
    0.07917400     0.07117300     0.06418100     0.05804500     0.05263300     0.04783400
    0.04355300     0.03971300     0.03624800     0.03310500     0.03024100     0.02762200
    0.02521700     0.02300500     0.02096600     0.01908600     0.01735000     0.01574800
    0.01427000     0.01290900     0.01165600     0.01050500     0.00944900     0.00848200
    0.00759900     0.00679500     0.00606300     0.00539800     0.00479700     0.00425400
    0.00376400     0.00332400     0.00292900     0.00257600     0.00226100     0.00198000
    0.00173000     0.00150900     0.00131300     0.00114100     0.00098900     0.00085500
    0.00073800     0.00063600     0.00054700     0.00046900     0.00040200     0.00034300
    0.00029300     0.00024900     0.00021200     0.00017900     0.00015200     0.00012800
    0.00010800     0.00009100     0.00007600     0.00006400 
new_orb 3
center 0.0 0.0 0.0
    0.00000000     0.14634100     0.29001400     0.42843400     0.55917900     0.68005900
    0.78918300     0.88500500     0.96636100     1.03248600     1.08302500     1.11801400
    1.13786100     1.14330700     1.13538200     1.11534900     1.08465000     1.04484400
    0.99755200     0.94440000     0.88697300     0.82677100     0.76517700     0.70342800
    0.64259800     0.58359100     0.52713700     0.47379600     0.42396800     0.37790700
    0.33573600     0.29746900     0.26302500     0.23225100     0.20493800     0.18084100
    0.15968700     0.14119600     0.12508400     0.11107700     0.09891400     0.08835300
    0.07917200     0.07117500     0.06418500     0.05805100     0.05264000     0.04784100
    0.04356100     0.03972000     0.03625500     0.03311100     0.03024700     0.02762600
    0.02522100     0.02300800     0.02096900     0.01908700     0.01735100     0.01574800
    0.01427000     0.01290800     0.01165400     0.01050300     0.00944700     0.00848000
    0.00759700     0.00679200     0.00606000     0.00539600     0.00479500     0.00425100
    0.00376200     0.00332200     0.00292700     0.00257400     0.00225900     0.00197800
    0.00172900     0.00150800     0.00131200     0.00114000     0.00098800     0.00085400
    0.00073700     0.00063500     0.00054600     0.00046800     0.00040100     0.00034300
    0.00029200     0.00024900     0.00021100     0.00017900     0.00015100     0.00012800
    0.00010800     0.00009100     0.00007600     0.00006400 