lattice_vecs
    0.00000000     2.73436400     2.73436400
    2.73436400     0.00000000     2.73436400
    2.73436400     2.73436400     0.00000000
atoms
    0.25000000     0.25000000     0.25000000 Si
    0.00000000     0.00000000     0.00000000 Si
orbitals
    0.25000000     0.25000000     0.25000000 0 s
    0.25000000     0.25000000     0.25000000 0 pz
    0.25000000     0.25000000     0.25000000 0 px
    0.25000000     0.25000000     0.25000000 0 py
    0.00000000     0.00000000     0.00000000 1 s
    0.00000000     0.00000000     0.00000000 1 pz
    0.00000000     0.00000000     0.00000000 1 px
    0.00000000     0.00000000     0.00000000 1 py
fermi energy     5.67917175
energy shift    -9.32630000
