13 100 8

new_orb 0
center 0.0 0.0 -0.0
    2.93608900     2.92572200     2.89487400     2.84429800     2.77521200     2.68924300
    2.58836000     2.47479300     2.35093900     2.21927600     2.08227400     1.94231400
    1.80161700     1.66219200     1.52579600     1.39390300     1.26770200     1.14809600
    1.03571800     0.93095500     0.83397600     0.74476700     0.66316600     0.58889400
    0.52158900     0.46083200     0.40617300     0.35714700     0.31329200     0.27416000
    0.23932300     0.20837900     0.18095400     0.15670400     0.13531200     0.11648900
    0.09997000     0.08551400     0.07290300     0.06193600     0.05243100     0.04422300
    0.03716100     0.03110800     0.02594100     0.02154700     0.01782700     0.01469100
    0.01205700     0.00985600     0.00802400     0.00650600     0.00525300     0.00422400
    0.00338300     0.00269800     0.00214300     0.00169500     0.00133500     0.00104700
    0.00081800     0.00063700     0.00049300     0.00038100     0.00029200     0.00022400
    0.00017100     0.00012900     0.00009800     0.00007400     0.00005500     0.00004100
    0.00003100     0.00002300     0.00001700     0.00001200     0.00000900     0.00000700
    0.00000500     0.00000300     0.00000200     0.00000200     0.00000100     0.00000100
    0.00000100     0.00000000     0.00000000     0.00000000     0.00000000     0.00000000
    0.00000000     0.00000000     0.00000000     0.00000000     0.00000000     0.00000000
    0.00000000     0.00000000     0.00000000     0.00000000 
new_orb 1
center 0.0 0.0 -0.0
    0.00000000     0.18836900     0.37182600     0.54576300     0.70613600     0.84967200
    0.97398300     1.07760300     1.15993700     1.22115700     1.26205700     1.28390100
    1.28827400     1.27695800     1.25183400     1.21481400     1.16779300     1.11262100
    1.05107900     0.98486400     0.91557000     0.84467400     0.77351500     0.70328000
    0.63499000     0.56949300     0.50746000     0.44939100     0.39562100     0.34633900
    0.30159800     0.26134300     0.22542700     0.19363200     0.16569100     0.14130000
    0.12014000     0.10188700     0.08622000     0.07283300     0.06144000     0.05177400
    0.04359600     0.03669200     0.03087300     0.02597300     0.02184900     0.01838000
    0.01546000     0.01300200     0.01093100     0.00918600     0.00771500     0.00647400
    0.00542600     0.00454200     0.00379500     0.00316600     0.00263600     0.00219000
    0.00181500     0.00150000     0.00123700     0.00101700     0.00083300     0.00068100
    0.00055500     0.00045100     0.00036500     0.00029400     0.00023700     0.00019000
    0.00015200     0.00012100     0.00009600     0.00007600     0.00006000     0.00004700
    0.00003700     0.00002900     0.00002200     0.00001700     0.00001300     0.00001000
    0.00000800     0.00000600     0.00000500     0.00000300     0.00000300     0.00000200
    0.00000100     0.00000100     0.00000100     0.00000100     0.00000000     0.00000000
    0.00000000     0.00000000     0.00000000     0.00000000 
new_orb 2
center 0.0 0.0 -0.0
    0.00000000     0.18637400     0.36791000     0.54007100     0.69888400     0.84113600
    0.96449400     1.06752800     1.14966000     1.21105800     1.25249100     1.27517600
    1.28063500     1.27057700     1.24680800     1.21116600     1.16548300     1.11155400
    1.05112200     0.98585900     0.91734500     0.84705600     0.77633600     0.70638400
    0.63823900     0.57276800     0.51066200     0.45244000     0.39845700     0.34892000
    0.30389900     0.26335300     0.22714600     0.19507100     0.16686700     0.14223700
    0.12086500     0.10242700     0.08660400     0.07309000     0.06159400     0.05184900
    0.04361300     0.03666900     0.03082300     0.02590900     0.02178000     0.01831200
    0.01539800     0.01294900     0.01088900     0.00915500     0.00769500     0.00646300
    0.00542400     0.00454700     0.00380700     0.00318300     0.00265600     0.00221200
    0.00183800     0.00152400     0.00126000     0.00103900     0.00085500     0.00070100
    0.00057300     0.00046700     0.00038000     0.00030800     0.00024800     0.00020000
    0.00016000     0.00012800     0.00010200     0.00008100     0.00006400     0.00005100
    0.00004000     0.00003100     0.00002400     0.00001900     0.00001500     0.00001100
    0.00000900     0.00000700     0.00000500     0.00000400     0.00000300     0.00000200
    0.00000200     0.00000100     0.00000100     0.00000100     0.00000100     0.00000000
    0.00000000     0.00000000     0.00000000     0.00000000 
new_orb 3
center 0.0 0.0 -0.0
    0.00000000     0.18734900     0.36982500     0.54285500     0.70243200     0.84531200
    0.96913700     1.07245700     1.15468600     1.21599300     1.25716200     1.27943100
    1.28435400     1.27367700     1.24924400     1.21292800     1.16659300     1.11206000
    1.05109000     0.98536700     0.91647900     0.84589900     0.77497000     0.70488400
    0.63667100     0.57118800     0.50911800     0.45096900     0.39708900     0.34767300
    0.30278600     0.26237900     0.22631100     0.19437000     0.16629100     0.14177500
    0.12050500     0.10215600     0.08640900     0.07295700     0.06151000     0.05180500
    0.04359800     0.03667400     0.03084200     0.02593500     0.02181000     0.01834200
    0.01542600     0.01297300     0.01090900     0.00917000     0.00770500     0.00646900
    0.00542600     0.00454600     0.00380300     0.00317600     0.00264700     0.00220200
    0.00182800     0.00151300     0.00125000     0.00102900     0.00084500     0.00069200
    0.00056500     0.00046000     0.00037300     0.00030100     0.00024300     0.00019500
    0.00015600     0.00012500     0.00009900     0.00007900     0.00006200     0.00004900
    0.00003800     0.00003000     0.00002300     0.00001800     0.00001400     0.00001100
    0.00000800     0.00000600     0.00000500     0.00000400     0.00000300     0.00000200
    0.00000200     0.00000100     0.00000100     0.00000100     0.00000100     0.00000000
    0.00000000     0.00000000     0.00000000     0.00000000 
new_orb 4
center 0.0 0.0 -0.0
    0.00000000     0.00111400     0.00442500     0.00984500     0.01722700     0.02637800
    0.03705900     0.04900300     0.06191400     0.07549000     0.08942300     0.10341600
    0.11719000     0.13049200     0.14310100     0.15483200     0.16554100     0.17512600
    0.18352000     0.19069900     0.19667000     0.20146700     0.20515400     0.20780800
    0.20952100     0.21039300     0.21052700     0.21002300     0.20897700     0.20747700
    0.20560100     0.20341600     0.20097800     0.19833000     0.19550800     0.19253400
    0.18942500     0.18619000     0.18283300     0.17935500     0.17575200     0.17202300
    0.16816500     0.16417500     0.16005200     0.15579900     0.15142000     0.14692000
    0.14230900     0.13759700     0.13279900     0.12792800     0.12300100     0.11803500
    0.11304800     0.10805900     0.10308500     0.09814500     0.09325500     0.08843200
    0.08369200     0.07905000     0.07451700     0.07010500     0.06582600     0.06168700
    0.05769600     0.05385900     0.05018100     0.04666500     0.04331300     0.04012500
    0.03710300     0.03424400     0.03154600     0.02900800     0.02662400     0.02439200
    0.02230600     0.02036100     0.01855300     0.01687500     0.01532100     0.01388500
    0.01256200     0.01134400     0.01022700     0.00920300     0.00826800     0.00741400
    0.00663700     0.00593200     0.00529200     0.00471300     0.00419000     0.00371900
    0.00329500     0.00291400     0.00257300     0.00226900 
new_orb 5
center 0.0 0.0 -0.0
    0.00000000     0.00088700     0.00353000     0.00786800     0.01380500     0.02121100
    0.02992600     0.03976500     0.05052600     0.06199400     0.07394800     0.08617000
    0.09844600     0.11057600     0.12237600     0.13368400     0.14436000     0.15428800
    0.16338100     0.17157500     0.17883100     0.18513400     0.19048800     0.19491300
    0.19844800     0.20113800     0.20304000     0.20421400     0.20472300     0.20463100
    0.20399900     0.20288400     0.20134100     0.19941700     0.19715500     0.19459100
    0.19175600     0.18867800     0.18537800     0.18187400     0.17818100     0.17431300
    0.17028000     0.16609400     0.16176500     0.15730400     0.15272100     0.14802800
    0.14323700     0.13836300     0.13341900     0.12842000     0.12338400     0.11832500
    0.11326100     0.10820900     0.10318400     0.09820400     0.09328400     0.08843900
    0.08368400     0.07903000     0.07449100     0.07007700     0.06579700     0.06166000
    0.05767200     0.05383800     0.05016400     0.04665200     0.04330400     0.04012100
    0.03710200     0.03424700     0.03155300     0.02901700     0.02663600     0.02440600
    0.02232200     0.02037800     0.01857100     0.01689300     0.01534000     0.01390400
    0.01258100     0.01136300     0.01024600     0.00922200     0.00828500     0.00743100
    0.00665400     0.00594700     0.00530600     0.00472700     0.00420300     0.00373100
    0.00330600     0.00292500     0.00258300     0.00227700 
new_orb 6
center 0.0 0.0 -0.0
    0.00000000     0.00088800     0.00353100     0.00787000     0.01380900     0.02121700
    0.02993400     0.03977500     0.05053900     0.06200900     0.07396500     0.08618900
    0.09846600     0.11059800     0.12239900     0.13370700     0.14438200     0.15431000
    0.16340100     0.17159400     0.17884800     0.18514900     0.19050000     0.19492400
    0.19845600     0.20114400     0.20304300     0.20421500     0.20472300     0.20462900
    0.20399500     0.20288000     0.20133600     0.19941100     0.19714800     0.19458400
    0.19175000     0.18867200     0.18537200     0.18186900     0.17817600     0.17430800
    0.17027700     0.16609100     0.16176300     0.15730200     0.15271900     0.14802700
    0.14323700     0.13836200     0.13341900     0.12842100     0.12338400     0.11832600
    0.11326200     0.10820900     0.10318500     0.09820500     0.09328500     0.08844000
    0.08368500     0.07903100     0.07449200     0.07007800     0.06579800     0.06166000
    0.05767200     0.05383900     0.05016500     0.04665300     0.04330500     0.04012100
    0.03710300     0.03424700     0.03155300     0.02901700     0.02663600     0.02440600
    0.02232200     0.02037800     0.01857100     0.01689300     0.01534000     0.01390400
    0.01258100     0.01136300     0.01024600     0.00922100     0.00828500     0.00743100
    0.00665400     0.00594700     0.00530600     0.00472600     0.00420300     0.00373100
    0.00330600     0.00292500     0.00258300     0.00227700 
new_orb 7
center 0.0 0.0 -0.0
    0.00000000     0.00107000     0.00425100     0.00946100     0.01656200     0.02537200
    0.03567000     0.04720000     0.05968800     0.07284500     0.08638300     0.10001800
    0.11348300     0.12653700     0.13896600     0.15059000     0.16126600     0.17088900
    0.17939200     0.18674100     0.19293600     0.19800400     0.20199600     0.20497900
    0.20703800     0.20826000     0.20874000     0.20857100     0.20784300     0.20663700
    0.20502900     0.20308300     0.20085400     0.19838500     0.19571200     0.19285900
    0.18984600     0.18668200     0.18337700     0.17993100     0.17634600     0.17262100
    0.16875600     0.16475100     0.16060700     0.15632900     0.15192000     0.14738900
    0.14274500     0.13800100     0.13317000     0.12826800     0.12331000     0.11831500
    0.11330000     0.10828400     0.10328600     0.09832200     0.09341000     0.08856800
    0.08380900     0.07914900     0.07460000     0.07017500     0.06588200     0.06173100
    0.05773000     0.05388300     0.05019600     0.04667200     0.04331300     0.04012000
    0.03709300     0.03422900     0.03152800     0.02898700     0.02660100     0.02436700
    0.02228000     0.02033400     0.01852500     0.01684700     0.01529300     0.01385800
    0.01253500     0.01131800     0.01020100     0.00917900     0.00824400     0.00739200
    0.00661600     0.00591200     0.00527300     0.00469500     0.00417300     0.00370300
    0.00328100     0.00290100     0.00256100     0.00225700 
new_orb 8
center 0.0 0.0 -0.0
    0.00000000     0.00088700     0.00352700     0.00786200     0.01379500     0.02119700
    0.02990600     0.03973900     0.05049400     0.06195700     0.07390600     0.08612300
    0.09839600     0.11052300     0.12232200     0.13362900     0.14430500     0.15423600
    0.16333200     0.17153000     0.17879100     0.18509900     0.19045800     0.19488900
    0.19842900     0.20112500     0.20303300     0.20421200     0.20472500     0.20463700
    0.20400800     0.20289600     0.20135500     0.19943200     0.19717100     0.19460700
    0.19177200     0.18869400     0.18539200     0.18188700     0.17819300     0.17432300
    0.17028900     0.16610200     0.16177100     0.15730800     0.15272400     0.14803000
    0.14323800     0.13836300     0.13341800     0.12841900     0.12338200     0.11832300
    0.11325900     0.10820600     0.10318200     0.09820200     0.09328200     0.08843700
    0.08368100     0.07902800     0.07448900     0.07007500     0.06579500     0.06165800
    0.05767000     0.05383700     0.05016300     0.04665200     0.04330400     0.04012100
    0.03710200     0.03424700     0.03155300     0.02901700     0.02663600     0.02440600
    0.02232200     0.02037900     0.01857100     0.01689400     0.01534000     0.01390500
    0.01258100     0.01136400     0.01024600     0.00922200     0.00828600     0.00743200
    0.00665400     0.00594700     0.00530700     0.00472700     0.00420300     0.00373100
    0.00330600     0.00292500     0.00258300     0.00227800 
new_orb 0
center 0.5 0.5 0.5
    1.97829900     1.97365700     1.95981700     1.93703000     1.90570700     1.86640100
    1.81978700     1.76663800     1.70780200     1.64416800     1.57664900     1.50615100
    1.43354900     1.35967800     1.28530600     1.21113300     1.13777800     1.06578000
    0.99559600     0.92760200     0.86210100     0.79932700     0.73945000     0.68258800
    0.62880800     0.57813800     0.53057000     0.48606500     0.44456200     0.40597900
    0.37021600     0.33716200     0.30669600     0.27868700     0.25300200     0.22950200
    0.20804800     0.18850300     0.17072800     0.15459000     0.13995900     0.12671000
    0.11472500     0.10389000     0.09410200     0.08526000     0.07727500     0.07006100
    0.06354300     0.05765000     0.05231800     0.04749100     0.04311700     0.03915000
    0.03554800     0.03227600     0.02930000     0.02659200     0.02412600     0.02187800
    0.01982900     0.01796100     0.01625700     0.01470300     0.01328600     0.01199400
    0.01081600     0.00974400     0.00876800     0.00788100     0.00707400     0.00634200
    0.00567900     0.00507800     0.00453500     0.00404400     0.00360100     0.00320200
    0.00284300     0.00252100     0.00223200     0.00197300     0.00174200     0.00153500
    0.00135100     0.00118700     0.00104200     0.00091300     0.00079900     0.00069800
    0.00060800     0.00053000     0.00046100     0.00040000     0.00034700     0.00030000
    0.00025900     0.00022400     0.00019300     0.00016600 
new_orb 1
center 0.5 0.5 0.5
    0.00000000     0.15977200     0.31568300     0.46405200     0.60154400     0.72531100
    0.83310800     0.92335900     0.99519100     1.04841700     1.08349400     1.10143300
    1.10370600     1.09211900     1.06869600     1.03555800     0.99482000     0.94849600
    0.89843400     0.84626400     0.79337000     0.74088300     0.68968200     0.64042100
    0.59354500     0.54933100     0.50791500     0.46932500     0.43351000     0.40036800
    0.36976100     0.34153400     0.31552800     0.29158400     0.26955100     0.24928500
    0.23065500     0.21353800     0.19781800     0.18339000     0.17015300     0.15801400
    0.14688400     0.13667800     0.12731700     0.11872500     0.11083100     0.10356800
    0.09687600     0.09069700     0.08497800     0.07967400     0.07474000     0.07013900
    0.06583700     0.06180500     0.05801700     0.05445100     0.05108700     0.04790800
    0.04490200     0.04205400     0.03935600     0.03679900     0.03437500     0.03207700
    0.02990000     0.02783900     0.02588900     0.02404500     0.02230500     0.02066300
    0.01911700     0.01766300     0.01629800     0.01501700     0.01381800     0.01269700
    0.01165000     0.01067500     0.00976800     0.00892500     0.00814400     0.00742100
    0.00675200     0.00613500     0.00556600     0.00504300     0.00456300     0.00412300
    0.00372000     0.00335200     0.00301600     0.00271000     0.00243100     0.00217800
    0.00194900     0.00174200     0.00155400     0.00138500 
new_orb 2
center 0.5 0.5 0.5
    0.00000000     0.16025000     0.31661700     0.46540100     0.60324900     0.72730100
    0.83530100     0.92567000     0.99753500     1.05071400     1.08567200     1.10343400
    1.10548200     1.09363900     1.06994200     1.03652800     0.99552000     0.94894500
    0.89865600     0.84628900     0.79323100     0.74061100     0.68931100     0.63997900
    0.59305900     0.54882300     0.50740300     0.46882300     0.43302900     0.39991500
    0.36934000     0.34114800     0.31517800     0.29126800     0.26926800     0.24903300
    0.23043000     0.21333800     0.19764000     0.18323100     0.17001200     0.15788800
    0.14677000     0.13657500     0.12722400     0.11864000     0.11075300     0.10349600
    0.09680900     0.09063500     0.08492100     0.07961900     0.07468900     0.07009100
    0.06579200     0.06176300     0.05797700     0.05441300     0.05105100     0.04787400
    0.04486900     0.04202400     0.03932800     0.03677200     0.03434900     0.03205300
    0.02987800     0.02781800     0.02586900     0.02402700     0.02228800     0.02064700
    0.01910300     0.01765000     0.01628500     0.01500500     0.01380700     0.01268700
    0.01164100     0.01066700     0.00976000     0.00891800     0.00813700     0.00741500
    0.00674600     0.00613000     0.00556200     0.00503900     0.00455900     0.00412000
    0.00371700     0.00334900     0.00301300     0.00270700     0.00242900     0.00217700
    0.00194800     0.00174000     0.00155300     0.00138400 
new_orb 3
center 0.5 0.5 0.5
    0.00000000     0.15994800     0.31602700     0.46454900     0.60217100     0.72604300
    0.83391400     0.92420900     0.99605300     1.04926200     1.08429500     1.10216900
    1.10436000     1.09267800     1.06915500     1.03591500     0.99507800     0.94866200
    0.89851700     0.84627400     0.79332000     0.74078300     0.68954600     0.64025900
    0.59336700     0.54914500     0.50772700     0.46914000     0.43333300     0.40020100
    0.36960600     0.34139200     0.31539900     0.29146800     0.26944600     0.24919200
    0.23057200     0.21346400     0.19775200     0.18333100     0.17010100     0.15796700
    0.14684200     0.13664000     0.12728200     0.11869300     0.11080200     0.10354200
    0.09685100     0.09067400     0.08495700     0.07965300     0.07472100     0.07012100
    0.06582100     0.06179000     0.05800300     0.05443700     0.05107300     0.04789600
    0.04489000     0.04204300     0.03934600     0.03678900     0.03436600     0.03206800
    0.02989200     0.02783100     0.02588100     0.02403800     0.02229800     0.02065700
    0.01911200     0.01765800     0.01629300     0.01501300     0.01381400     0.01269300
    0.01164700     0.01067200     0.00976500     0.00892300     0.00814200     0.00741800
    0.00675000     0.00613300     0.00556500     0.00504200     0.00456200     0.00412200
    0.00371900     0.00335100     0.00301500     0.00270900     0.00243100     0.00217800
    0.00194900     0.00174100     0.00155400     0.00138400 