lattice_vecs
    0.00000000     2.98418326     2.98418326
    2.98418326    -0.00000000     2.98418326
    2.98418326     2.98418326     0.00000000
atoms
    0.00000000     0.00000000    -0.00000000 Pb
    0.50000000     0.50000000     0.50000000 S
orbitals
    0.00000000     0.00000000    -0.00000000 0 s
    0.00000000     0.00000000    -0.00000000 0 pz
    0.00000000     0.00000000    -0.00000000 0 px
    0.00000000     0.00000000    -0.00000000 0 py
    0.00000000     0.00000000    -0.00000000 0 dz2
    0.00000000     0.00000000    -0.00000000 0 dxz
    0.00000000     0.00000000    -0.00000000 0 dyz
    0.00000000     0.00000000    -0.00000000 0 dx2y2
    0.00000000     0.00000000    -0.00000000 0 dxy
    0.50000000     0.50000000     0.50000000 1 s
    0.50000000     0.50000000     0.50000000 1 pz
    0.50000000     0.50000000     0.50000000 1 px
    0.50000000     0.50000000     0.50000000 1 py
fermi energy     5.31825810
energy shift    -7.96330000
