13 100 8

new_orb 4
center 0.0 0.0 0.0
    0.00000000     0.00041800     0.00166600     0.00372100     0.00654700     0.01009400
    0.01430100     0.01909500     0.02439700     0.03011800     0.03616600     0.04244800
    0.04886900     0.05533500     0.06175700     0.06805000     0.07413800     0.07994900
    0.08542400     0.09051100     0.09516800     0.09936600     0.10308100     0.10630200
    0.10902500     0.11125600     0.11300600     0.11429200     0.11513900     0.11557100
    0.11562100     0.11531800     0.11469600     0.11378700     0.11262400     0.11123700
    0.10965700     0.10791000     0.10602100     0.10401300     0.10190600     0.09971700
    0.09746200     0.09515300     0.09280100     0.09041600     0.08800500     0.08557400
    0.08312900     0.08067300     0.07821100     0.07574600     0.07328100     0.07081900
    0.06836200     0.06591400     0.06347700     0.06105500     0.05865100     0.05626800
    0.05390900     0.05158000     0.04928200     0.04702000     0.04479800     0.04261800
    0.04048500     0.03840200     0.03637100     0.03439600     0.03247900     0.03062200
    0.02882700     0.02709600     0.02542900     0.02382900     0.02229500     0.02082900
    0.01942800     0.01809500     0.01682700     0.01562400     0.01448600     0.01341000
    0.01239500     0.01144000     0.01054300     0.00970100     0.00891400     0.00817800
    0.00749200     0.00685300     0.00626000     0.00571000     0.00520000     0.00472900
    0.00429500     0.00389400     0.00352600     0.00318900 
new_orb 5
center 0.0 0.0 0.0
    0.00000000     0.00029700     0.00118500     0.00265000     0.00467400     0.00722900
    0.01028000     0.01378800     0.01770500     0.02198200     0.02656500     0.03139600
    0.03641800     0.04157200     0.04679800     0.05203900     0.05724000     0.06234900
    0.06731600     0.07209800     0.07665300     0.08094800     0.08495200     0.08864000
    0.09199300     0.09499700     0.09764200     0.09992400     0.10184200     0.10340100
    0.10460600     0.10546900     0.10600300     0.10622100     0.10614100     0.10578000
    0.10515800     0.10429300     0.10320600     0.10191400     0.10043700     0.09879400
    0.09700200     0.09507800     0.09303800     0.09089700     0.08866800     0.08636600
    0.08400100     0.08158600     0.07913100     0.07664500     0.07413700     0.07161600
    0.06908900     0.06656400     0.06404500     0.06154100     0.05905700     0.05659700
    0.05416700     0.05177100     0.04941500     0.04710100     0.04483400     0.04261700
    0.04045200     0.03834400     0.03629400     0.03430500     0.03237900     0.03051600
    0.02871900     0.02698900     0.02532600     0.02373100     0.02220400     0.02074500
    0.01935300     0.01802800     0.01676900     0.01557500     0.01444500     0.01337700
    0.01237000     0.01142200     0.01053100     0.00969600     0.00891300     0.00818200
    0.00750000     0.00686500     0.00627500     0.00572700     0.00521900     0.00474900
    0.00431600     0.00391700     0.00354900     0.00321100 
new_orb 6
center 0.0 0.0 0.0
    0.00000000     0.00029700     0.00118400     0.00264800     0.00467100     0.00722400
    0.01027300     0.01377700     0.01769200     0.02196600     0.02654500     0.03137300
    0.03639100     0.04154000     0.04676300     0.05200000     0.05719700     0.06230300
    0.06726700     0.07204500     0.07659800     0.08089000     0.08489200     0.08857800
    0.09193000     0.09493300     0.09757700     0.09985900     0.10177800     0.10333700
    0.10454400     0.10540800     0.10594300     0.10616400     0.10608600     0.10572900
    0.10510900     0.10424800     0.10316300     0.10187500     0.10040200     0.09876200
    0.09697400     0.09505300     0.09301600     0.09087800     0.08865200     0.08635300
    0.08399100     0.08157800     0.07912500     0.07664100     0.07413600     0.07161600
    0.06909100     0.06656600     0.06404900     0.06154600     0.05906200     0.05660200
    0.05417300     0.05177700     0.04942100     0.04710700     0.04484000     0.04262200
    0.04045800     0.03834900     0.03629900     0.03431000     0.03238300     0.03052000
    0.02872300     0.02699200     0.02532900     0.02373400     0.02220600     0.02074700
    0.01935400     0.01802900     0.01677000     0.01557600     0.01444500     0.01337700
    0.01237000     0.01142200     0.01053100     0.00969500     0.00891300     0.00818100
    0.00749900     0.00686400     0.00627400     0.00572600     0.00521800     0.00474900
    0.00431500     0.00391600     0.00354800     0.00321000 
new_orb 7
center 0.0 0.0 0.0
    0.00000000     0.00042500     0.00169200     0.00378000     0.00664900     0.01025000
    0.01452000     0.01938400     0.02476100     0.03056100     0.03669000     0.04305100
    0.04954800     0.05608600     0.06257300     0.06892400     0.07506000     0.08091000
    0.08641200     0.09151600     0.09617800     0.10037000     0.10406800     0.10726200
    0.10994900     0.11213500     0.11383300     0.11506200     0.11584500     0.11621200
    0.11619200     0.11582000     0.11512800     0.11415000     0.11292100     0.11147000
    0.10982900     0.10802600     0.10608500     0.10403000     0.10188000     0.09965400
    0.09736600     0.09503000     0.09265500     0.09025200     0.08782700     0.08538500
    0.08293300     0.08047400     0.07801200     0.07554800     0.07308700     0.07063000
    0.06818100     0.06574100     0.06331300     0.06090100     0.05850700     0.05613500
    0.05378800     0.05146900     0.04918200     0.04693100     0.04471900     0.04254900
    0.04042600     0.03835100     0.03632900     0.03436100     0.03245100     0.03060100
    0.02881200     0.02708600     0.02542500     0.02383000     0.02230000     0.02083700
    0.01943900     0.01810900     0.01684300     0.01564200     0.01450500     0.01343000
    0.01241700     0.01146200     0.01056500     0.00972400     0.00893700     0.00820100
    0.00751400     0.00687500     0.00628100     0.00573100     0.00522000     0.00474900
    0.00431300     0.00391200     0.00354300     0.00320500 
new_orb 8
center 0.0 0.0 0.0
    0.00000000     0.00029800     0.00118700     0.00265600     0.00468500     0.00724500
    0.01030300     0.01381800     0.01774400     0.02203100     0.02662300     0.03146400
    0.03649600     0.04165900     0.04689500     0.05214600     0.05735600     0.06247200
    0.06744700     0.07223600     0.07679700     0.08109600     0.08510300     0.08879400
    0.09214800     0.09515200     0.09779600     0.10007600     0.10199100     0.10354600
    0.10474700     0.10560400     0.10613100     0.10634300     0.10625600     0.10588800
    0.10525800     0.10438600     0.10329100     0.10199100     0.10050700     0.09885700
    0.09705700     0.09512600     0.09308000     0.09093200     0.08869800     0.08639000
    0.08402100     0.08160100     0.07914200     0.07665300     0.07414200     0.07161800
    0.06908900     0.06656100     0.06404200     0.06153600     0.05905000     0.05659000
    0.05415900     0.05176300     0.04940700     0.04709300     0.04482600     0.04260900
    0.04044500     0.03833700     0.03628700     0.03429900     0.03237300     0.03051100
    0.02871500     0.02698500     0.02532300     0.02372800     0.02220100     0.02074200
    0.01935100     0.01802600     0.01676800     0.01557400     0.01444400     0.01337700
    0.01237000     0.01142200     0.01053100     0.00969600     0.00891400     0.00818300
    0.00750100     0.00686600     0.00627500     0.00572700     0.00522000     0.00475000
    0.00431700     0.00391700     0.00355000     0.00321200 
new_orb 0
center 0.0 0.0 0.0
    2.74647800     2.73756900     2.71102100     2.66735900     2.60744100     2.53242700
    2.44374200     2.34303200     2.23211000     2.11290400     1.98739800     1.85758200
    1.72539500     1.59268300     1.46115600     1.33235700     1.20763500     1.08813200
    0.97477500     0.86827100     0.76912000     0.67762400     0.59390500     0.51792400
    0.44950600     0.38836300     0.33412000     0.28633200     0.24451200     0.20814700
    0.17671500     0.14970100     0.12660600     0.10695600     0.09031000     0.07626200
    0.06444600     0.05453400     0.04623600     0.03929700     0.03349900     0.02865300
    0.02460000     0.02120300     0.01835100     0.01594900     0.01391800     0.01219500
    0.01072600     0.00946900     0.00838700     0.00745300     0.00664100     0.00593400
    0.00531400     0.00476900     0.00428800     0.00386200     0.00348300     0.00314500
    0.00284400     0.00257300     0.00233000     0.00211200     0.00191400     0.00173600
    0.00157500     0.00142900     0.00129600     0.00117600     0.00106600     0.00096600
    0.00087600     0.00079300     0.00071800     0.00064900     0.00058700     0.00053000
    0.00047800     0.00043100     0.00038800     0.00034900     0.00031400     0.00028200
    0.00025300     0.00022600     0.00020300     0.00018100     0.00016200     0.00014400
    0.00012800     0.00011400     0.00010100     0.00009000     0.00008000     0.00007100
    0.00006200     0.00005500     0.00004900     0.00004300 
new_orb 1
center 0.0 0.0 0.0
    0.00000000     0.16065900     0.31822300     0.46969700     0.61228300     0.74347100
    0.86110900     0.96346300     1.04926000     1.11770600     1.16848800     1.20176200
    1.21811100     1.21850400     1.20423400     1.17685200     1.13809500     1.08981300
    1.03390600     0.97225200     0.90665500     0.83879800     0.77020500     0.70221500
    0.63596700     0.57238900     0.51220600     0.45594500     0.40395300     0.35641400
    0.31337300     0.27475600     0.24039700     0.21006000     0.18345900     0.16027400
    0.14017200     0.12281900     0.10788600     0.09506500     0.08406600     0.07462800
    0.06651500     0.05952200     0.05346800     0.04820100     0.04358900     0.03952500
    0.03591800     0.03269500     0.02979600     0.02717200     0.02478500     0.02260400
    0.02060500     0.01876700     0.01707500     0.01551500     0.01407700     0.01275200
    0.01153100     0.01040800     0.00937600     0.00843000     0.00756500     0.00677400
    0.00605300     0.00539800     0.00480300     0.00426500     0.00377900     0.00334200
    0.00294900     0.00259600     0.00228100     0.00200000     0.00175000     0.00152800
    0.00133100     0.00115700     0.00100400     0.00086900     0.00075100     0.00064700
    0.00055700     0.00047800     0.00040900     0.00035000     0.00029900     0.00025400
    0.00021600     0.00018300     0.00015500     0.00013100     0.00011000     0.00009300
    0.00007800     0.00006500     0.00005400     0.00004500 
new_orb 2
center 0.0 0.0 0.0
    0.00000000     0.16068900     0.31828100     0.46978200     0.61239400     0.74360400
    0.86126100     0.96363100     1.04944000     1.11789300     1.16867900     1.20195100
    1.21829500     1.21867900     1.20439700     1.17700000     1.13822500     1.08992400
    1.03399600     0.97231900     0.90670000     0.83882100     0.77020600     0.70219600
    0.63592800     0.57233300     0.51213400     0.45586000     0.40385600     0.35630800
    0.31326000     0.27463800     0.24027600     0.20993800     0.18333700     0.16015400
    0.14005600     0.12270700     0.10778000     0.09496400     0.08397200     0.07454000
    0.06643500     0.05944800     0.05340200     0.04814100     0.04353600     0.03947800
    0.03587700     0.03266000     0.02976600     0.02714700     0.02476500     0.02258800
    0.02059200     0.01875800     0.01706800     0.01551100     0.01407500     0.01275100
    0.01153200     0.01041000     0.00938000     0.00843500     0.00756900     0.00677900
    0.00605900     0.00540400     0.00480900     0.00427100     0.00378500     0.00334700
    0.00295400     0.00260100     0.00228600     0.00200400     0.00175400     0.00153200
    0.00133500     0.00116000     0.00100700     0.00087200     0.00075300     0.00065000
    0.00055900     0.00048000     0.00041100     0.00035200     0.00030000     0.00025500
    0.00021700     0.00018400     0.00015600     0.00013200     0.00011100     0.00009300
    0.00007800     0.00006600     0.00005500     0.00004600 
new_orb 3
center 0.0 0.0 0.0
    0.00000000     0.16037100     0.31765700     0.46887200     0.61122800     0.74222100
    0.85970500     0.96195100     1.04768700     1.11611800     1.16693200     1.20027900
    1.21673700     1.21727100     1.20316500     1.17596400     1.13739600     1.08930800
    1.03358900     0.97211400     0.90668100     0.83897100     0.77050600     0.70262100
    0.63645600     0.57293900     0.51279700     0.45655900     0.40457200     0.35702500
    0.31396300     0.27531600     0.24092100     0.21054300     0.18389800     0.16066800
    0.14052300     0.12312600     0.10815300     0.09529400     0.08426100     0.07479200
    0.06665300     0.05963500     0.05356100     0.04827600     0.04364900     0.03957200
    0.03595400     0.03272200     0.02981600     0.02718600     0.02479500     0.02261000
    0.02060800     0.01876800     0.01707400     0.01551200     0.01407300     0.01274700
    0.01152600     0.01040200     0.00937100     0.00842500     0.00755900     0.00676800
    0.00604800     0.00539200     0.00479800     0.00426000     0.00377500     0.00333700
    0.00294500     0.00259200     0.00227700     0.00199700     0.00174700     0.00152500
    0.00132800     0.00115500     0.00100200     0.00086700     0.00074900     0.00064600
    0.00055500     0.00047700     0.00040800     0.00034900     0.00029800     0.00025400
    0.00021500     0.00018300     0.00015400     0.00013000     0.00011000     0.00009200
    0.00007800     0.00006500     0.00005400     0.00004500 
new_orb 0
center 0.75 0.75 0.75
    2.02040200     2.01630300     2.00405800     1.98381800     1.95583500     1.92045300
    1.87810200     1.82929000     1.77458900     1.71463000     1.65008500     1.58165900
    1.51007200     1.43605300     1.36032100     1.28357700     1.20649600     1.12971300
    1.05381600     0.97934400     0.90677600     0.83653200     0.76897000     0.70438300
    0.64300500     0.58500600     0.53050400     0.47955900     0.43218500     0.38835200
    0.34799200     0.31100300     0.27725800     0.24660500     0.21887900     0.19390000
    0.17148300     0.15143700     0.13357400     0.11770500     0.10365000     0.09123400
    0.08029300     0.07067200     0.06222500     0.05482100     0.04833700     0.04266300
    0.03769800     0.03335500     0.02955300     0.02622300     0.02330200     0.02073600
    0.01847800     0.01648800     0.01472900     0.01317200     0.01179000     0.01056100
    0.00946500     0.00848600     0.00760900     0.00682400     0.00611800     0.00548400
    0.00491400     0.00440000     0.00393700     0.00352000     0.00314500     0.00280600
    0.00250200     0.00222700     0.00198100     0.00175900     0.00156000     0.00138200
    0.00122300     0.00108000     0.00095300     0.00083900     0.00073800     0.00064800
    0.00056800     0.00049700     0.00043500     0.00037900     0.00033100     0.00028800
    0.00025000     0.00021700     0.00018800     0.00016200     0.00014000     0.00012100
    0.00010400     0.00008900     0.00007700     0.00006600 
new_orb 1
center 0.75 0.75 0.75
    0.00000000     0.12939600     0.25659200     0.37945200     0.49597100     0.60432600
    0.70292900     0.79047000     0.86593900     0.92864800     0.97823600     1.01465800
    1.03817500     1.04931800     1.04886200     1.03777900     1.01719500     0.98834800
    0.95253500     0.91107900     0.86527700     0.81637500     0.76553700     0.71381900
    0.66215500     0.61134800     0.56206600     0.51484100     0.47007600     0.42805400
    0.38894900     0.35284300     0.31973400     0.28955700     0.26219300     0.23748700
    0.21525700     0.19530400     0.17742400     0.16141300     0.14707500     0.13422200
    0.12268100     0.11229500     0.10292100     0.09443500     0.08672600     0.07969900
    0.07327400     0.06737900     0.06195700     0.05695800     0.05234000     0.04806700
    0.04411000     0.04044300     0.03704300     0.03389200     0.03097300     0.02827100
    0.02577100     0.02346200     0.02133000     0.01936600     0.01755800     0.01589700
    0.01437300     0.01297700     0.01170000     0.01053500     0.00947200     0.00850400
    0.00762500     0.00682800     0.00610500     0.00545100     0.00486100     0.00432900
    0.00385000     0.00341900     0.00303200     0.00268500     0.00237500     0.00209800
    0.00185000     0.00163000     0.00143300     0.00125900     0.00110400     0.00096700
    0.00084600     0.00073900     0.00064500     0.00056100     0.00048800     0.00042400
    0.00036800     0.00031800     0.00027500     0.00023800 
new_orb 2
center 0.75 0.75 0.75
    0.00000000     0.12948000     0.25675700     0.37969400     0.49628100     0.60469500
    0.70334800     0.79092500     0.86641800     0.92913800     0.97872400     1.01513300
    1.03862600     1.04973600     1.04923800     1.03810800     1.01747300     0.98857200
    0.95270600     0.91119600     0.86534400     0.81639600     0.76551600     0.71376000
    0.66206500     0.61123300     0.56193100     0.51469100     0.46991700     0.42788900
    0.38878400     0.35268000     0.31957700     0.28940700     0.26205200     0.23735600
    0.21513500     0.19519300     0.17732400     0.16132400     0.14699500     0.13415100
    0.12261900     0.11224000     0.10287300     0.09439300     0.08668900     0.07966700
    0.07324500     0.06735400     0.06193600     0.05693900     0.05232300     0.04805200
    0.04409600     0.04043000     0.03703200     0.03388200     0.03096400     0.02826200
    0.02576300     0.02345400     0.02132300     0.01935900     0.01755200     0.01589100
    0.01436800     0.01297200     0.01169600     0.01053000     0.00946800     0.00850100
    0.00762200     0.00682400     0.00610200     0.00544900     0.00485900     0.00432600
    0.00384700     0.00341700     0.00303000     0.00268400     0.00237300     0.00209600
    0.00184900     0.00162800     0.00143200     0.00125800     0.00110300     0.00096600
    0.00084500     0.00073800     0.00064400     0.00056100     0.00048800     0.00042400
    0.00036700     0.00031800     0.00027500     0.00023700 
new_orb 3
center 0.75 0.75 0.75
    0.00000000     0.12938200     0.25656400     0.37941300     0.49592100     0.60426700
    0.70286500     0.79040200     0.86586900     0.92858000     0.97817100     1.01460000
    1.03812400     1.04927700     1.04883000     1.03775700     1.01718400     0.98834500
    0.95254200     0.91109300     0.86529700     0.81640000     0.76556500     0.71384800
    0.66218500     0.61137700     0.56209200     0.51486400     0.47009500     0.42806800
    0.38895900     0.35284900     0.31973500     0.28955400     0.26218600     0.23747700
    0.21524400     0.19528900     0.17740700     0.16139600     0.14705700     0.13420400
    0.12266400     0.11227800     0.10290500     0.09442000     0.08671200     0.07968700
    0.07326300     0.06737000     0.06194900     0.05695100     0.05233400     0.04806200
    0.04410600     0.04043900     0.03704100     0.03389000     0.03097200     0.02827000
    0.02577000     0.02346100     0.02132900     0.01936500     0.01755800     0.01589700
    0.01437300     0.01297700     0.01170000     0.01053400     0.00947100     0.00850400
    0.00762500     0.00682700     0.00610400     0.00545100     0.00486100     0.00432800
    0.00384900     0.00341800     0.00303200     0.00268500     0.00237500     0.00209700
    0.00185000     0.00162900     0.00143300     0.00125900     0.00110400     0.00096700
    0.00084600     0.00073900     0.00064400     0.00056100     0.00048800     0.00042400
    0.00036800     0.00031800     0.00027500     0.00023800 