lattice_vecs
    0.00000000     2.87271400     2.87271400
    2.87271400     0.00000000     2.87271400
    2.87271400     2.87271400     0.00000000
atoms
    0.00000000     0.00000000     0.00000000 Ga
    0.75000000     0.75000000     0.75000000 As
orbitals
    0.00000000     0.00000000     0.00000000 0 dz2
    0.00000000     0.00000000     0.00000000 0 dxz
    0.00000000     0.00000000     0.00000000 0 dyz
    0.00000000     0.00000000     0.00000000 0 dx2y2
    0.00000000     0.00000000     0.00000000 0 dxy
    0.00000000     0.00000000     0.00000000 0 s
    0.00000000     0.00000000     0.00000000 0 pz
    0.00000000     0.00000000     0.00000000 0 px
    0.00000000     0.00000000     0.00000000 0 py
    0.75000000     0.75000000     0.75000000 1 s
    0.75000000     0.75000000     0.75000000 1 pz
    0.75000000     0.75000000     0.75000000 1 px
    0.75000000     0.75000000     0.75000000 1 py
fermi energy     2.75314081
energy shift    -9.35270000
