26 100 8

new_orb 0
center 0.5 0.0 0.212772
    2.98280600     2.97110200     2.93635300     2.87963100     2.80264900     2.70766200
    2.59733200     2.47458700     2.34246800     2.20398700     2.06199900     1.91910000
    1.77755500     1.63925600     1.50570300     1.37802000     1.25698200     1.14305900
    1.03646800     0.93722700     0.84520500     0.76016600     0.68181100     0.60980200
    0.54379200     0.48342900     0.42837300     0.37829900     0.33289200     0.29185300
    0.25489400     0.22173800     0.19211300     0.16575800     0.14241600     0.12183800
    0.10378200     0.08801600     0.07431800     0.06247300     0.05228300     0.04356100
    0.03613100     0.02983500     0.02452500     0.02007000     0.01635000     0.01326000
    0.01070600     0.00860500     0.00688500     0.00548400     0.00434900     0.00343300
    0.00269800     0.00211100     0.00164400     0.00127400     0.00098400     0.00075600
    0.00057800     0.00044000     0.00033400     0.00025200     0.00018900     0.00014100
    0.00010500     0.00007800     0.00005800     0.00004200     0.00003100     0.00002300
    0.00001600     0.00001200     0.00000800     0.00000600     0.00000400     0.00000300
    0.00000200     0.00000200     0.00000100     0.00000100     0.00000100     0.00000000
    0.00000000     0.00000000     0.00000000     0.00000000     0.00000000     0.00000000
    0.00000000     0.00000000     0.00000000     0.00000000     0.00000000     0.00000000
    0.00000000     0.00000000     0.00000000     0.00000000 
new_orb 1
center 0.5 0.0 0.212772
    0.00000000     0.30289600     0.59409200     0.86280200     1.09995700     1.29880200
    1.45522400     1.56779600     1.63756300     1.66762100     1.66256800     1.62791500
    1.56953400     1.49318700     1.40418000     1.30715200     1.20597200     1.10374400
    1.00286500     0.90512400     0.81181200     0.72382600     0.64175500     0.56594900
    0.49656900     0.43362700     0.37700800     0.32649600     0.28178700     0.24251500
    0.20826200     0.17858200     0.15301300     0.13109600     0.11238500     0.09645800
    0.08292800     0.07144100     0.06168500     0.05338500     0.04630700     0.04025100
    0.03504800     0.03056000     0.02667100     0.02328800     0.02033300     0.01774500
    0.01547300     0.01347400     0.01171400     0.01016400     0.00880000     0.00760000
    0.00654700     0.00562400     0.00481700     0.00411300     0.00350200     0.00297200
    0.00251400     0.00212000     0.00178200     0.00149300     0.00124700     0.00103800
    0.00086100     0.00071200     0.00058700     0.00048200     0.00039500     0.00032200
    0.00026200     0.00021200     0.00017200     0.00013800     0.00011100     0.00008900
    0.00007100     0.00005600     0.00004500     0.00003500     0.00002800     0.00002200
    0.00001700     0.00001300     0.00001000     0.00000800     0.00000600     0.00000500
    0.00000400     0.00000300     0.00000200     0.00000200     0.00000100     0.00000100
    0.00000100     0.00000100     0.00000000     0.00000000 
new_orb 2
center 0.5 0.0 0.212772
    0.00000000     0.29097600     0.57102700     0.83007600     1.05964100     1.25338200
    1.40739700     1.52026000     1.59281500     1.62777700     1.62923800     1.60212800
    1.55171500     1.48319700     1.40139900     1.31058800     1.21439200     1.11580100
    1.01721500     0.92052200     0.82717900     0.73829000     0.65466700     0.57687800
    0.50528100     0.44005500     0.38121800     0.32865200     0.28212000     0.24129300
    0.20576800     0.17509500     0.14879800     0.12639300     0.10740300     0.09137700
    0.07789200     0.06656700     0.05706000     0.04907200     0.04234500     0.03666200
    0.03184000     0.02772700     0.02419900     0.02115700     0.01851800     0.01621700
    0.01420300     0.01243300     0.01087300     0.00949700     0.00828100     0.00720600
    0.00625700     0.00542000     0.00468300     0.00403500     0.00346700     0.00297000
    0.00253700     0.00216000     0.00183400     0.00155300     0.00131000     0.00110200
    0.00092400     0.00077200     0.00064400     0.00053500     0.00044300     0.00036600
    0.00030100     0.00024700     0.00020200     0.00016500     0.00013400     0.00010900
    0.00008800     0.00007100     0.00005700     0.00004500     0.00003600     0.00002900
    0.00002300     0.00001800     0.00001400     0.00001100     0.00000900     0.00000700
    0.00000500     0.00000400     0.00000300     0.00000200     0.00000200     0.00000100
    0.00000100     0.00000100     0.00000100     0.00000000 
new_orb 3
center 0.5 0.0 0.212772
    0.00000000     0.29097700     0.57102900     0.83008000     1.05964600     1.25338700
    1.40740200     1.52026500     1.59281900     1.62778100     1.62924200     1.60213000
    1.55171700     1.48319800     1.40140000     1.31058800     1.21439200     1.11580000
    1.01721400     0.92052100     0.82717800     0.73828900     0.65466600     0.57687600
    0.50528000     0.44005400     0.38121700     0.32865100     0.28211900     0.24129200
    0.20576700     0.17509500     0.14879800     0.12639300     0.10740300     0.09137700
    0.07789200     0.06656700     0.05706000     0.04907200     0.04234500     0.03666200
    0.03184000     0.02772700     0.02420000     0.02115700     0.01851800     0.01621700
    0.01420300     0.01243300     0.01087300     0.00949700     0.00828100     0.00720600
    0.00625700     0.00542000     0.00468300     0.00403500     0.00346700     0.00297000
    0.00253700     0.00216000     0.00183400     0.00155200     0.00131000     0.00110200
    0.00092400     0.00077200     0.00064400     0.00053500     0.00044300     0.00036600
    0.00030100     0.00024700     0.00020200     0.00016500     0.00013400     0.00010900
    0.00008800     0.00007100     0.00005700     0.00004500     0.00003600     0.00002900
    0.00002300     0.00001800     0.00001400     0.00001100     0.00000900     0.00000700
    0.00000500     0.00000400     0.00000300     0.00000200     0.00000200     0.00000100
    0.00000100     0.00000100     0.00000100     0.00000000 
new_orb 4
center 0.5 0.0 0.212772
    0.00000000     0.00086300     0.00343300     0.00765500     0.01343800     0.02066100
    0.02917200     0.03879900     0.04935000     0.06062100     0.07240200     0.08448300
    0.09665900     0.10873500     0.12053200     0.13188700     0.14266000     0.15273400
    0.16201500     0.17043200     0.17794100     0.18451500     0.19015100     0.19486100
    0.19867400     0.20162800     0.20377300     0.20516300     0.20585800     0.20591900
    0.20540400     0.20437100     0.20287500     0.20096600     0.19868900     0.19608400
    0.19318600     0.19002500     0.18662800     0.18301600     0.17920900     0.17522400
    0.17107400     0.16677400     0.16233500     0.15777000     0.15309100     0.14831100
    0.14344200     0.13849900     0.13349500     0.12844600     0.12336700     0.11827400
    0.11318300     0.10810900     0.10306900     0.09807800     0.09315200     0.08830400
    0.08354800     0.07889700     0.07436200     0.06995300     0.06567900     0.06154900
    0.05756800     0.05374200     0.05007600     0.04657100     0.04323100     0.04005500
    0.03704300     0.03419400     0.03150500     0.02897500     0.02659900     0.02437300
    0.02229300     0.02035400     0.01855000     0.01687500     0.01532500     0.01389200
    0.01257000     0.01135500     0.01023800     0.00921600     0.00828100     0.00742800
    0.00665100     0.00594500     0.00530500     0.00472600     0.00420200     0.00373100
    0.00330600     0.00292500     0.00258400     0.00227800 
new_orb 5
center 0.5 0.0 0.212772
    0.00000000     0.00080500     0.00320300     0.00714700     0.01255800     0.01933000
    0.02733100     0.03641100     0.04639900     0.05711500     0.06837200     0.07998000
    0.09175100     0.10350500     0.11507200     0.12629900     0.13704500     0.14719300
    0.15664300     0.16531600     0.17315400     0.18012000     0.18619400     0.19137200
    0.19566700     0.19910400     0.20171800     0.20355200     0.20465500     0.20508000
    0.20487900     0.20410900     0.20282300     0.20107000     0.19889800     0.19635300
    0.19347300     0.19029600     0.18685200     0.18317200     0.17928000     0.17519800
    0.17094700     0.16654400     0.16200700     0.15735100     0.15259100     0.14774200
    0.14281700     0.13783100     0.13279800     0.12773300     0.12265000     0.11756500
    0.11249200     0.10744500     0.10244000     0.09748900     0.09260800     0.08780900
    0.08310300     0.07850300     0.07401900     0.06966100     0.06543600     0.06135200
    0.05741600     0.05363100     0.05000300     0.04653300     0.04322400     0.04007600
    0.03708800     0.03426000     0.03159000     0.02907500     0.02671200     0.02449600
    0.02242300     0.02048900     0.01868900     0.01701600     0.01546600     0.01403200
    0.01270800     0.01148900     0.01036900     0.00934200     0.00840200     0.00754300
    0.00676100     0.00604900     0.00540300     0.00481800     0.00428900     0.00381100
    0.00338100     0.00299400     0.00264700     0.00233700 
new_orb 6
center 0.5 0.0 0.212772
    0.00000000     0.00080500     0.00320300     0.00714700     0.01255800     0.01933000
    0.02733100     0.03641100     0.04639900     0.05711500     0.06837200     0.07998000
    0.09175100     0.10350500     0.11507200     0.12629900     0.13704500     0.14719300
    0.15664300     0.16531600     0.17315400     0.18012000     0.18619300     0.19137200
    0.19566700     0.19910400     0.20171800     0.20355200     0.20465500     0.20508000
    0.20487900     0.20410900     0.20282300     0.20107000     0.19889800     0.19635300
    0.19347300     0.19029600     0.18685300     0.18317200     0.17928000     0.17519800
    0.17094700     0.16654400     0.16200700     0.15735100     0.15259100     0.14774200
    0.14281700     0.13783100     0.13279800     0.12773300     0.12265000     0.11756500
    0.11249200     0.10744500     0.10244000     0.09748900     0.09260800     0.08780800
    0.08310300     0.07850300     0.07401900     0.06966100     0.06543600     0.06135200
    0.05741600     0.05363100     0.05000300     0.04653300     0.04322400     0.04007600
    0.03708800     0.03426000     0.03159000     0.02907500     0.02671200     0.02449600
    0.02242300     0.02048900     0.01868900     0.01701600     0.01546600     0.01403200
    0.01270800     0.01148900     0.01036900     0.00934200     0.00840200     0.00754300
    0.00676100     0.00604900     0.00540300     0.00481800     0.00428900     0.00381100
    0.00338100     0.00299400     0.00264700     0.00233700 
new_orb 7
center 0.5 0.0 0.212772
    0.00000000     0.00077600     0.00309000     0.00689700     0.01212000     0.01866100
    0.02639500     0.03517600     0.04484500     0.05523000     0.06615200     0.07743100
    0.08888800     0.10035000     0.11165500     0.12265500     0.13321700     0.14322400
    0.15258000     0.16120900     0.16905100     0.17606700     0.18223600     0.18755200
    0.19202200     0.19566600     0.19851500     0.20060600     0.20198200     0.20269100
    0.20278100     0.20230200     0.20130200     0.19982700     0.19792300     0.19562900
    0.19298400     0.19002200     0.18677400     0.18326700     0.17952700     0.17557600
    0.17143500     0.16712200     0.16265600     0.15805400     0.15333000     0.14850300
    0.14358700     0.13859900     0.13355300     0.12846700     0.12335700     0.11823800
    0.11312700     0.10803900     0.10299000     0.09799500     0.09306900     0.08822400
    0.08347500     0.07883200     0.07430700     0.06990900     0.06564700     0.06152900
    0.05756000     0.05374600     0.05009000     0.04659600     0.04326500     0.04009700
    0.03709200     0.03424900     0.03156600     0.02904000     0.02666700     0.02444400
    0.02236500     0.02042700     0.01862300     0.01694700     0.01539600     0.01396100
    0.01263800     0.01142000     0.01030100     0.00927600     0.00833800     0.00748200
    0.00670200     0.00599300     0.00535000     0.00476800     0.00424200     0.00376700
    0.00334000     0.00295700     0.00261200     0.00230500 
new_orb 8
center 0.5 0.0 0.212772
    0.00000000     0.00084000     0.00334200     0.00745500     0.01309400     0.02014200
    0.02846000     0.03788100     0.04822500     0.05929800     0.07089900     0.08282600
    0.09488100     0.10687400     0.11862900     0.12998500     0.14080200     0.15095900
    0.16035800     0.16892500     0.17660600     0.18337000     0.18920400     0.19411500
    0.19812300     0.20126000     0.20357000     0.20510500     0.20591800     0.20606900
    0.20561600     0.20461700     0.20312800     0.20120100     0.19888400     0.19622100
    0.19324900     0.19000400     0.18651600     0.18281000     0.17890800     0.17483200
    0.17059700     0.16621900     0.16171300     0.15709200     0.15236800     0.14755600
    0.14266700     0.13771500     0.13271300     0.12767600     0.12261800     0.11755400
    0.11249800     0.10746500     0.10247000     0.09752800     0.09265100     0.08785400
    0.08314900     0.07854800     0.07406200     0.06970000     0.06547200     0.06138400
    0.05744200     0.05365300     0.05002000     0.04654500     0.04323200     0.04007900
    0.03708800     0.03425600     0.03158300     0.02906500     0.02669900     0.02448200
    0.02240800     0.02047300     0.01867100     0.01699800     0.01544700     0.01401200
    0.01268900     0.01147000     0.01035100     0.00932400     0.00838400     0.00752700
    0.00674500     0.00603400     0.00538900     0.00480400     0.00427600     0.00379900
    0.00337000     0.00298400     0.00263800     0.00232800 
new_orb 0
center -0.0 0.5 0.787228
    2.98280600     2.97110200     2.93635300     2.87963100     2.80264900     2.70766200
    2.59733200     2.47458700     2.34246800     2.20398700     2.06199900     1.91910000
    1.77755500     1.63925600     1.50570300     1.37802000     1.25698200     1.14305900
    1.03646800     0.93722700     0.84520500     0.76016600     0.68181100     0.60980200
    0.54379200     0.48342900     0.42837300     0.37829900     0.33289200     0.29185300
    0.25489400     0.22173800     0.19211300     0.16575800     0.14241600     0.12183800
    0.10378200     0.08801600     0.07431800     0.06247300     0.05228300     0.04356100
    0.03613100     0.02983500     0.02452500     0.02007000     0.01635000     0.01326000
    0.01070600     0.00860500     0.00688500     0.00548400     0.00434900     0.00343300
    0.00269800     0.00211100     0.00164400     0.00127400     0.00098400     0.00075600
    0.00057800     0.00044000     0.00033400     0.00025200     0.00018900     0.00014100
    0.00010500     0.00007800     0.00005800     0.00004200     0.00003100     0.00002300
    0.00001600     0.00001200     0.00000800     0.00000600     0.00000400     0.00000300
    0.00000200     0.00000200     0.00000100     0.00000100     0.00000100     0.00000000
    0.00000000     0.00000000     0.00000000     0.00000000     0.00000000     0.00000000
    0.00000000     0.00000000     0.00000000     0.00000000     0.00000000     0.00000000
    0.00000000     0.00000000     0.00000000     0.00000000 
new_orb 1
center -0.0 0.5 0.787228
    0.00000000     0.30289600     0.59409200     0.86280200     1.09995700     1.29880200
    1.45522400     1.56779600     1.63756300     1.66762100     1.66256800     1.62791500
    1.56953400     1.49318700     1.40418000     1.30715200     1.20597200     1.10374400
    1.00286500     0.90512400     0.81181200     0.72382600     0.64175500     0.56594900
    0.49656900     0.43362700     0.37700800     0.32649600     0.28178700     0.24251500
    0.20826200     0.17858200     0.15301300     0.13109600     0.11238500     0.09645800
    0.08292800     0.07144100     0.06168500     0.05338500     0.04630700     0.04025100
    0.03504800     0.03056000     0.02667100     0.02328800     0.02033300     0.01774500
    0.01547300     0.01347400     0.01171400     0.01016400     0.00880000     0.00760000
    0.00654700     0.00562400     0.00481700     0.00411300     0.00350200     0.00297200
    0.00251400     0.00212000     0.00178200     0.00149300     0.00124700     0.00103800
    0.00086100     0.00071200     0.00058700     0.00048200     0.00039500     0.00032200
    0.00026200     0.00021200     0.00017200     0.00013800     0.00011100     0.00008900
    0.00007100     0.00005600     0.00004500     0.00003500     0.00002800     0.00002200
    0.00001700     0.00001300     0.00001000     0.00000800     0.00000600     0.00000500
    0.00000400     0.00000300     0.00000200     0.00000200     0.00000100     0.00000100
    0.00000100     0.00000100     0.00000000     0.00000000 
new_orb 2
center -0.0 0.5 0.787228
    0.00000000     0.29097600     0.57102700     0.83007600     1.05964100     1.25338200
    1.40739700     1.52026000     1.59281500     1.62777700     1.62923800     1.60212800
    1.55171500     1.48319700     1.40139900     1.31058800     1.21439200     1.11580100
    1.01721500     0.92052200     0.82717900     0.73829000     0.65466700     0.57687800
    0.50528100     0.44005500     0.38121800     0.32865200     0.28212000     0.24129300
    0.20576800     0.17509500     0.14879800     0.12639300     0.10740300     0.09137700
    0.07789200     0.06656700     0.05706000     0.04907200     0.04234500     0.03666200
    0.03184000     0.02772700     0.02419900     0.02115700     0.01851800     0.01621700
    0.01420300     0.01243300     0.01087300     0.00949700     0.00828100     0.00720600
    0.00625700     0.00542000     0.00468300     0.00403500     0.00346700     0.00297000
    0.00253700     0.00216000     0.00183400     0.00155300     0.00131000     0.00110200
    0.00092400     0.00077200     0.00064400     0.00053500     0.00044300     0.00036600
    0.00030100     0.00024700     0.00020200     0.00016500     0.00013400     0.00010900
    0.00008800     0.00007100     0.00005700     0.00004500     0.00003600     0.00002900
    0.00002300     0.00001800     0.00001400     0.00001100     0.00000900     0.00000700
    0.00000500     0.00000400     0.00000300     0.00000200     0.00000200     0.00000100
    0.00000100     0.00000100     0.00000100     0.00000000 
new_orb 3
center -0.0 0.5 0.787228
    0.00000000     0.29097700     0.57102900     0.83008000     1.05964600     1.25338700
    1.40740200     1.52026500     1.59281900     1.62778100     1.62924200     1.60213000
    1.55171700     1.48319800     1.40140000     1.31058800     1.21439200     1.11580000
    1.01721400     0.92052100     0.82717800     0.73828900     0.65466600     0.57687600
    0.50528000     0.44005400     0.38121700     0.32865100     0.28211900     0.24129200
    0.20576700     0.17509500     0.14879800     0.12639300     0.10740300     0.09137700
    0.07789200     0.06656700     0.05706000     0.04907200     0.04234500     0.03666200
    0.03184000     0.02772700     0.02420000     0.02115700     0.01851800     0.01621700
    0.01420300     0.01243300     0.01087300     0.00949700     0.00828100     0.00720600
    0.00625700     0.00542000     0.00468300     0.00403500     0.00346700     0.00297000
    0.00253700     0.00216000     0.00183400     0.00155200     0.00131000     0.00110200
    0.00092400     0.00077200     0.00064400     0.00053500     0.00044300     0.00036600
    0.00030100     0.00024700     0.00020200     0.00016500     0.00013400     0.00010900
    0.00008800     0.00007100     0.00005700     0.00004500     0.00003600     0.00002900
    0.00002300     0.00001800     0.00001400     0.00001100     0.00000900     0.00000700
    0.00000500     0.00000400     0.00000300     0.00000200     0.00000200     0.00000100
    0.00000100     0.00000100     0.00000100     0.00000000 
new_orb 4
center -0.0 0.5 0.787228
    0.00000000     0.00086300     0.00343300     0.00765500     0.01343800     0.02066100
    0.02917200     0.03879900     0.04935000     0.06062100     0.07240200     0.08448300
    0.09665900     0.10873500     0.12053200     0.13188700     0.14266000     0.15273400
    0.16201500     0.17043200     0.17794100     0.18451500     0.19015100     0.19486100
    0.19867400     0.20162800     0.20377300     0.20516300     0.20585800     0.20591900
    0.20540400     0.20437100     0.20287500     0.20096600     0.19868900     0.19608400
    0.19318600     0.19002500     0.18662800     0.18301600     0.17920900     0.17522400
    0.17107400     0.16677400     0.16233500     0.15777000     0.15309100     0.14831100
    0.14344200     0.13849900     0.13349500     0.12844600     0.12336700     0.11827400
    0.11318300     0.10810900     0.10306900     0.09807800     0.09315200     0.08830400
    0.08354800     0.07889700     0.07436200     0.06995300     0.06567900     0.06154900
    0.05756800     0.05374200     0.05007600     0.04657100     0.04323100     0.04005500
    0.03704300     0.03419400     0.03150500     0.02897500     0.02659900     0.02437300
    0.02229300     0.02035400     0.01855000     0.01687500     0.01532500     0.01389200
    0.01257000     0.01135500     0.01023800     0.00921600     0.00828100     0.00742800
    0.00665100     0.00594500     0.00530500     0.00472600     0.00420200     0.00373100
    0.00330600     0.00292500     0.00258400     0.00227800 
new_orb 5
center -0.0 0.5 0.787228
    0.00000000     0.00080500     0.00320300     0.00714700     0.01255800     0.01933000
    0.02733100     0.03641100     0.04639900     0.05711500     0.06837200     0.07998000
    0.09175100     0.10350500     0.11507200     0.12629900     0.13704500     0.14719300
    0.15664300     0.16531600     0.17315400     0.18012000     0.18619400     0.19137200
    0.19566700     0.19910400     0.20171800     0.20355200     0.20465500     0.20508000
    0.20487900     0.20410900     0.20282300     0.20107000     0.19889800     0.19635300
    0.19347300     0.19029600     0.18685200     0.18317200     0.17928000     0.17519800
    0.17094700     0.16654400     0.16200700     0.15735100     0.15259100     0.14774200
    0.14281700     0.13783100     0.13279800     0.12773300     0.12265000     0.11756500
    0.11249200     0.10744500     0.10244000     0.09748900     0.09260800     0.08780900
    0.08310300     0.07850300     0.07401900     0.06966100     0.06543600     0.06135200
    0.05741600     0.05363100     0.05000300     0.04653300     0.04322400     0.04007600
    0.03708800     0.03426000     0.03159000     0.02907500     0.02671200     0.02449600
    0.02242300     0.02048900     0.01868900     0.01701600     0.01546600     0.01403200
    0.01270800     0.01148900     0.01036900     0.00934200     0.00840200     0.00754300
    0.00676100     0.00604900     0.00540300     0.00481800     0.00428900     0.00381100
    0.00338100     0.00299400     0.00264700     0.00233700 
new_orb 6
center -0.0 0.5 0.787228
    0.00000000     0.00080500     0.00320300     0.00714700     0.01255800     0.01933000
    0.02733100     0.03641100     0.04639900     0.05711500     0.06837200     0.07998000
    0.09175100     0.10350500     0.11507200     0.12629900     0.13704500     0.14719300
    0.15664300     0.16531600     0.17315400     0.18012000     0.18619300     0.19137200
    0.19566700     0.19910400     0.20171800     0.20355200     0.20465500     0.20508000
    0.20487900     0.20410900     0.20282300     0.20107000     0.19889800     0.19635300
    0.19347300     0.19029600     0.18685300     0.18317200     0.17928000     0.17519800
    0.17094700     0.16654400     0.16200700     0.15735100     0.15259100     0.14774200
    0.14281700     0.13783100     0.13279800     0.12773300     0.12265000     0.11756500
    0.11249200     0.10744500     0.10244000     0.09748900     0.09260800     0.08780800
    0.08310300     0.07850300     0.07401900     0.06966100     0.06543600     0.06135200
    0.05741600     0.05363100     0.05000300     0.04653300     0.04322400     0.04007600
    0.03708800     0.03426000     0.03159000     0.02907500     0.02671200     0.02449600
    0.02242300     0.02048900     0.01868900     0.01701600     0.01546600     0.01403200
    0.01270800     0.01148900     0.01036900     0.00934200     0.00840200     0.00754300
    0.00676100     0.00604900     0.00540300     0.00481800     0.00428900     0.00381100
    0.00338100     0.00299400     0.00264700     0.00233700 
new_orb 7
center -0.0 0.5 0.787228
    0.00000000     0.00077600     0.00309000     0.00689700     0.01212000     0.01866100
    0.02639500     0.03517600     0.04484500     0.05523000     0.06615200     0.07743100
    0.08888800     0.10035000     0.11165500     0.12265500     0.13321700     0.14322400
    0.15258000     0.16120900     0.16905100     0.17606700     0.18223600     0.18755200
    0.19202200     0.19566600     0.19851500     0.20060600     0.20198200     0.20269100
    0.20278100     0.20230200     0.20130200     0.19982700     0.19792300     0.19562900
    0.19298400     0.19002200     0.18677400     0.18326700     0.17952700     0.17557600
    0.17143500     0.16712200     0.16265600     0.15805400     0.15333000     0.14850300
    0.14358700     0.13859900     0.13355300     0.12846700     0.12335700     0.11823800
    0.11312700     0.10803900     0.10299000     0.09799500     0.09306900     0.08822400
    0.08347500     0.07883200     0.07430700     0.06990900     0.06564700     0.06152900
    0.05756000     0.05374600     0.05009000     0.04659600     0.04326500     0.04009700
    0.03709200     0.03424900     0.03156600     0.02904000     0.02666700     0.02444400
    0.02236500     0.02042700     0.01862300     0.01694700     0.01539600     0.01396100
    0.01263800     0.01142000     0.01030100     0.00927600     0.00833800     0.00748200
    0.00670200     0.00599300     0.00535000     0.00476800     0.00424200     0.00376700
    0.00334000     0.00295700     0.00261200     0.00230500 
new_orb 8
center -0.0 0.5 0.787228
    0.00000000     0.00084000     0.00334200     0.00745500     0.01309400     0.02014200
    0.02846000     0.03788100     0.04822500     0.05929800     0.07089900     0.08282600
    0.09488100     0.10687400     0.11862900     0.12998500     0.14080200     0.15095900
    0.16035800     0.16892500     0.17660600     0.18337000     0.18920400     0.19411500
    0.19812300     0.20126000     0.20357000     0.20510500     0.20591800     0.20606900
    0.20561600     0.20461700     0.20312800     0.20120100     0.19888400     0.19622100
    0.19324900     0.19000400     0.18651600     0.18281000     0.17890800     0.17483200
    0.17059700     0.16621900     0.16171300     0.15709200     0.15236800     0.14755600
    0.14266700     0.13771500     0.13271300     0.12767600     0.12261800     0.11755400
    0.11249800     0.10746500     0.10247000     0.09752800     0.09265100     0.08785400
    0.08314900     0.07854800     0.07406200     0.06970000     0.06547200     0.06138400
    0.05744200     0.05365300     0.05002000     0.04654500     0.04323200     0.04007900
    0.03708800     0.03425600     0.03158300     0.02906500     0.02669900     0.02448200
    0.02240800     0.02047300     0.01867100     0.01699800     0.01544700     0.01401200
    0.01268900     0.01147000     0.01035100     0.00932400     0.00838400     0.00752700
    0.00674500     0.00603400     0.00538900     0.00480400     0.00427600     0.00379900
    0.00337000     0.00298400     0.00263800     0.00232800 
new_orb 0
center 0.5 0.5 -0.0
    1.17880800     1.17723500     1.17253300     1.16475200     1.15397200     1.14030200
    1.12388200     1.10487400     1.08346300     1.05985100     1.03425600     1.00690400
    0.97803000     0.94786900     0.91665900     0.88463000     0.85200700     0.81900300
    0.78582100     0.75264900     0.71965900     0.68700900     0.65483700     0.62326700
    0.59240500     0.56234100     0.53315100     0.50489400     0.47761700     0.45135600
    0.42613200     0.40196100     0.37884600     0.35678600     0.33577000     0.31578300
    0.29680700     0.27881800     0.26178900     0.24569200     0.23049500     0.21616700
    0.20267300     0.18998000     0.17805300     0.16685700     0.15635900     0.14652200
    0.13731500     0.12870200     0.12065100     0.11313100     0.10611000     0.09955800
    0.09344500     0.08774500     0.08242900     0.07747200     0.07285000     0.06853900
    0.06451700     0.06076400     0.05725900     0.05398400     0.05092200     0.04805700
    0.04537400     0.04286000     0.04050000     0.03828400     0.03620100     0.03424100
    0.03239400     0.03065300     0.02900900     0.02745600     0.02598700     0.02459700
    0.02328000     0.02203100     0.02084700     0.01972400     0.01865700     0.01764300
    0.01668000     0.01576400     0.01489400     0.01406700     0.01328000     0.01253300
    0.01182200     0.01114600     0.01050400     0.00989400     0.00931500     0.00876500
    0.00824300     0.00774800     0.00727800     0.00683400 
new_orb 1
center 0.5 0.5 -0.0
    0.00000000     0.06397800     0.12707300     0.18842400     0.24722100     0.30272000
    0.35426500     0.40130500     0.44339800     0.48022600     0.51159200     0.53741900
    0.55774500     0.57271400     0.58256200     0.58760600     0.58822300     0.58484100
    0.57791500     0.56791800     0.55532200     0.54059100     0.52416200     0.50644800
    0.48782000     0.46861300     0.44911600     0.42957800     0.41020400     0.39116200
    0.37258300     0.35456400     0.33717800     0.32046900     0.30446600     0.28917900
    0.27460800     0.26074000     0.24756100     0.23504600     0.22317400     0.21191600
    0.20124700     0.19114100     0.18157100     0.17251300     0.16394300     0.15583700
    0.14817200     0.14092800     0.13408400     0.12761800     0.12151000     0.11574200
    0.11029500     0.10514800     0.10028600     0.09568900     0.09134000     0.08722500
    0.08332500     0.07962800     0.07611800     0.07278100     0.06960700     0.06658100
    0.06369500     0.06093800     0.05830000     0.05577300     0.05335000     0.05102400
    0.04878900     0.04664000     0.04457000     0.04257700     0.04065700     0.03880500
    0.03701900     0.03529700     0.03363600     0.03203500     0.03049000     0.02900200
    0.02756700     0.02618600     0.02485600     0.02357600     0.02234600     0.02116400
    0.02003000     0.01894100     0.01789800     0.01689900     0.01594300     0.01502900
    0.01415600     0.01332300     0.01252900     0.01177300 
new_orb 2
center 0.5 0.5 -0.0
    0.00000000     0.05191600     0.10321800     0.15330900     0.20162100     0.24763400
    0.29088300     0.33097300     0.36757900     0.40045500     0.42943700     0.45443400
    0.47543200     0.49248200     0.50569600     0.51523700     0.52130900     0.52414800
    0.52401400     0.52117800     0.51592100     0.50852100     0.49925100     0.48837300
    0.47613700     0.46277500     0.44850400     0.43352200     0.41801100     0.40213300
    0.38603700     0.36985500     0.35370300     0.33768700     0.32189600     0.30641100
    0.29129900     0.27661900     0.26241800     0.24873700     0.23560400     0.22304300
    0.21106900     0.19968900     0.18890400     0.17871100     0.16910100     0.16005800
    0.15156700     0.14360500     0.13614900     0.12917400     0.12265400     0.11655900
    0.11086300     0.10553700     0.10055400     0.09588700     0.09151000     0.08739900
    0.08353000     0.07988200     0.07643400     0.07316900     0.07007000     0.06712100
    0.06430800     0.06162000     0.05904500     0.05657500     0.05420000     0.05191400
    0.04971100     0.04758400     0.04553000     0.04354500     0.04162500     0.03976800
    0.03797100     0.03623300     0.03455200     0.03292600     0.03135500     0.02983600
    0.02837000     0.02695600     0.02559200     0.02427800     0.02301300     0.02179600
    0.02062700     0.01950500     0.01842900     0.01739800     0.01641000     0.01546700
    0.01456500     0.01370400     0.01288400     0.01210200 
new_orb 3
center 0.5 0.5 -0.0
    0.00000000     0.05191600     0.10321800     0.15330800     0.20162100     0.24763400
    0.29088300     0.33097300     0.36757800     0.40045500     0.42943700     0.45443400
    0.47543200     0.49248200     0.50569600     0.51523700     0.52130900     0.52414800
    0.52401400     0.52117800     0.51592100     0.50852100     0.49925100     0.48837300
    0.47613700     0.46277500     0.44850400     0.43352200     0.41801100     0.40213300
    0.38603700     0.36985500     0.35370400     0.33768700     0.32189600     0.30641100
    0.29129900     0.27661900     0.26241800     0.24873700     0.23560400     0.22304300
    0.21106900     0.19968900     0.18890400     0.17871100     0.16910100     0.16005800
    0.15156700     0.14360500     0.13614900     0.12917400     0.12265400     0.11655900
    0.11086300     0.10553700     0.10055400     0.09588700     0.09151000     0.08739900
    0.08353000     0.07988200     0.07643500     0.07316900     0.07007000     0.06712100
    0.06430800     0.06162000     0.05904500     0.05657500     0.05420000     0.05191400
    0.04971100     0.04758400     0.04553000     0.04354500     0.04162500     0.03976800
    0.03797100     0.03623300     0.03455200     0.03292600     0.03135500     0.02983600
    0.02837000     0.02695600     0.02559200     0.02427800     0.02301300     0.02179600
    0.02062700     0.01950500     0.01842900     0.01739800     0.01641000     0.01546700
    0.01456500     0.01370400     0.01288400     0.01210200 
new_orb 0
center 0.0 0.0 -0.0
    1.17880800     1.17723500     1.17253300     1.16475200     1.15397200     1.14030200
    1.12388200     1.10487400     1.08346300     1.05985100     1.03425600     1.00690400
    0.97803000     0.94786900     0.91665900     0.88463000     0.85200700     0.81900300
    0.78582100     0.75264900     0.71965900     0.68700900     0.65483700     0.62326700
    0.59240500     0.56234100     0.53315100     0.50489400     0.47761700     0.45135600
    0.42613200     0.40196100     0.37884600     0.35678600     0.33577000     0.31578300
    0.29680700     0.27881800     0.26178900     0.24569200     0.23049500     0.21616700
    0.20267300     0.18998000     0.17805300     0.16685700     0.15635900     0.14652200
    0.13731500     0.12870200     0.12065100     0.11313100     0.10611000     0.09955800
    0.09344500     0.08774500     0.08242900     0.07747200     0.07285000     0.06853900
    0.06451700     0.06076400     0.05725900     0.05398400     0.05092200     0.04805700
    0.04537400     0.04286000     0.04050000     0.03828400     0.03620100     0.03424100
    0.03239400     0.03065300     0.02900900     0.02745600     0.02598700     0.02459700
    0.02328000     0.02203100     0.02084700     0.01972400     0.01865700     0.01764300
    0.01668000     0.01576400     0.01489400     0.01406700     0.01328000     0.01253300
    0.01182200     0.01114600     0.01050400     0.00989400     0.00931500     0.00876500
    0.00824300     0.00774800     0.00727800     0.00683400 
new_orb 1
center 0.0 0.0 -0.0
    0.00000000     0.06397800     0.12707300     0.18842400     0.24722100     0.30272000
    0.35426500     0.40130500     0.44339800     0.48022600     0.51159200     0.53741900
    0.55774500     0.57271400     0.58256200     0.58760600     0.58822300     0.58484100
    0.57791500     0.56791800     0.55532200     0.54059100     0.52416200     0.50644800
    0.48782000     0.46861300     0.44911600     0.42957800     0.41020400     0.39116200
    0.37258300     0.35456400     0.33717800     0.32046900     0.30446600     0.28917900
    0.27460800     0.26074000     0.24756100     0.23504600     0.22317400     0.21191600
    0.20124700     0.19114100     0.18157100     0.17251300     0.16394300     0.15583700
    0.14817200     0.14092800     0.13408400     0.12761800     0.12151000     0.11574200
    0.11029500     0.10514800     0.10028600     0.09568900     0.09134000     0.08722500
    0.08332500     0.07962800     0.07611800     0.07278100     0.06960700     0.06658100
    0.06369500     0.06093800     0.05830000     0.05577300     0.05335000     0.05102400
    0.04878900     0.04664000     0.04457000     0.04257700     0.04065700     0.03880500
    0.03701900     0.03529700     0.03363600     0.03203500     0.03049000     0.02900200
    0.02756700     0.02618600     0.02485600     0.02357600     0.02234600     0.02116400
    0.02003000     0.01894100     0.01789800     0.01689900     0.01594300     0.01502900
    0.01415600     0.01332300     0.01252900     0.01177300 
new_orb 2
center 0.0 0.0 -0.0
    0.00000000     0.05191600     0.10321800     0.15330900     0.20162100     0.24763400
    0.29088300     0.33097300     0.36757900     0.40045500     0.42943700     0.45443400
    0.47543200     0.49248200     0.50569600     0.51523700     0.52130900     0.52414800
    0.52401400     0.52117800     0.51592100     0.50852100     0.49925100     0.48837300
    0.47613700     0.46277500     0.44850400     0.43352200     0.41801100     0.40213300
    0.38603700     0.36985500     0.35370300     0.33768700     0.32189600     0.30641100
    0.29129900     0.27661900     0.26241800     0.24873700     0.23560400     0.22304300
    0.21106900     0.19968900     0.18890400     0.17871100     0.16910100     0.16005800
    0.15156700     0.14360500     0.13614900     0.12917400     0.12265400     0.11655900
    0.11086300     0.10553700     0.10055400     0.09588700     0.09151000     0.08739900
    0.08353000     0.07988200     0.07643400     0.07316900     0.07007000     0.06712100
    0.06430800     0.06162000     0.05904500     0.05657500     0.05420000     0.05191400
    0.04971100     0.04758400     0.04553000     0.04354500     0.04162500     0.03976800
    0.03797100     0.03623300     0.03455200     0.03292600     0.03135500     0.02983600
    0.02837000     0.02695600     0.02559200     0.02427800     0.02301300     0.02179600
    0.02062700     0.01950500     0.01842900     0.01739800     0.01641000     0.01546700
    0.01456500     0.01370400     0.01288400     0.01210200 
new_orb 3
center 0.0 0.0 -0.0
    0.00000000     0.05191600     0.10321800     0.15330800     0.20162100     0.24763400
    0.29088300     0.33097300     0.36757800     0.40045500     0.42943700     0.45443400
    0.47543200     0.49248200     0.50569600     0.51523700     0.52130900     0.52414800
    0.52401400     0.52117800     0.51592100     0.50852100     0.49925100     0.48837300
    0.47613700     0.46277500     0.44850400     0.43352200     0.41801100     0.40213300
    0.38603700     0.36985500     0.35370400     0.33768700     0.32189600     0.30641100
    0.29129900     0.27661900     0.26241800     0.24873700     0.23560400     0.22304300
    0.21106900     0.19968900     0.18890400     0.17871100     0.16910100     0.16005800
    0.15156700     0.14360500     0.13614900     0.12917400     0.12265400     0.11655900
    0.11086300     0.10553700     0.10055400     0.09588700     0.09151000     0.08739900
    0.08353000     0.07988200     0.07643500     0.07316900     0.07007000     0.06712100
    0.06430800     0.06162000     0.05904500     0.05657500     0.05420000     0.05191400
    0.04971100     0.04758400     0.04553000     0.04354500     0.04162500     0.03976800
    0.03797100     0.03623300     0.03455200     0.03292600     0.03135500     0.02983600
    0.02837000     0.02695600     0.02559200     0.02427800     0.02301300     0.02179600
    0.02062700     0.01950500     0.01842900     0.01739800     0.01641000     0.01546700
    0.01456500     0.01370400     0.01288400     0.01210200 