lattice_vecs
    3.97486086    -0.00000000     0.00000000
    0.00000000     3.97486086     0.00000000
    0.00000000    -0.00000000     5.57289973
atoms
    0.50000000     0.00000000     0.21277195 Pb
   -0.00000000     0.50000000     0.78722805 Pb
    0.50000000     0.50000000    -0.00000000 O
    0.00000000     0.00000000    -0.00000000 O
orbitals
    0.50000000     0.00000000     0.21277195 0 s
    0.50000000     0.00000000     0.21277195 0 pz
    0.50000000     0.00000000     0.21277195 0 px
    0.50000000     0.00000000     0.21277195 0 py
    0.50000000     0.00000000     0.21277195 0 dz2
    0.50000000     0.00000000     0.21277195 0 dxz
    0.50000000     0.00000000     0.21277195 0 dyz
    0.50000000     0.00000000     0.21277195 0 dx2y2
    0.50000000     0.00000000     0.21277195 0 dxy
   -0.00000000     0.50000000     0.78722805 1 s
   -0.00000000     0.50000000     0.78722805 1 pz
   -0.00000000     0.50000000     0.78722805 1 px
   -0.00000000     0.50000000     0.78722805 1 py
   -0.00000000     0.50000000     0.78722805 1 dz2
   -0.00000000     0.50000000     0.78722805 1 dxz
   -0.00000000     0.50000000     0.78722805 1 dyz
   -0.00000000     0.50000000     0.78722805 1 dx2y2
   -0.00000000     0.50000000     0.78722805 1 dxy
    0.50000000     0.50000000    -0.00000000 2 s
    0.50000000     0.50000000    -0.00000000 2 pz
    0.50000000     0.50000000    -0.00000000 2 px
    0.50000000     0.50000000    -0.00000000 2 py
    0.00000000     0.00000000    -0.00000000 3 s
    0.00000000     0.00000000    -0.00000000 3 pz
    0.00000000     0.00000000    -0.00000000 3 px
    0.00000000     0.00000000    -0.00000000 3 py
fermi energy     3.96518549
energy shift    -7.61140000
