8 100 8

new_orb 0
center 0.0 0.0 0.25
    1.40165200     1.39967300     1.39375600     1.38394800     1.37033300     1.35302500
    1.33216800     1.30793200     1.28051500     1.25013700     1.21703700     1.18147200
    1.14371100     1.10403400     1.06272800     1.02008200     0.97638600     0.93192600
    0.88698100     0.84182400     0.79671200     0.75189200     0.70759200     0.66402400
    0.62138100     0.57983700     0.53954600     0.50063800     0.46322600     0.42740100
    0.39323600     0.36078100     0.33007200     0.30112500     0.27394200     0.24851100
    0.22480500     0.20278700     0.18241000     0.16361800     0.14634900     0.13053300
    0.11609900     0.10296900     0.09106700     0.08031400     0.07063100     0.06194000
    0.05416600     0.04723400     0.04107300     0.03561500     0.03079500     0.02655300
    0.02283000     0.01957500     0.01673600     0.01426800     0.01213000     0.01028400
    0.00869400     0.00732900     0.00616100     0.00516400     0.00431700     0.00359800
    0.00299100     0.00247900     0.00204900     0.00168900     0.00138800     0.00113800
    0.00093000     0.00075800     0.00061600     0.00049900     0.00040300     0.00032500
    0.00026100     0.00020900     0.00016700     0.00013300     0.00010600     0.00008400
    0.00006600     0.00005200     0.00004100     0.00003200     0.00002500     0.00002000
    0.00001500     0.00001200     0.00000900     0.00000700     0.00000500     0.00000400
    0.00000300     0.00000200     0.00000200     0.00000100 
new_orb 1
center 0.0 0.0 0.25
    0.00000000     0.06421700     0.12752100     0.18902700     0.24789800     0.30337300
    0.35478100     0.40156100     0.44327200     0.47960100     0.51036400     0.53550400
    0.55508600     0.56928300     0.57836800     0.58269400     0.58267800     0.57878400
    0.57150500     0.56134500     0.54880500     0.53436900     0.51849300     0.50159300
    0.48404400     0.46617100     0.44825000     0.43050800     0.41312100     0.39622500
    0.37991300     0.36424400     0.34924600     0.33492500     0.32126600     0.30824100
    0.29581100     0.28393200     0.27256000     0.26164600     0.25114900     0.24102700
    0.23124400     0.22177200     0.21258300     0.20365800     0.19498300     0.18654500
    0.17833700     0.17035600     0.16259900     0.15506700     0.14776100     0.14068200
    0.13383400     0.12721900     0.12083900     0.11469600     0.10879000     0.10312100
    0.09768900     0.09249100     0.08752600     0.08279000     0.07827800     0.07398500
    0.06990600     0.06603500     0.06236500     0.05888800     0.05559800     0.05248600
    0.04954600     0.04676900     0.04414800     0.04167400     0.03934100     0.03714000
    0.03506600     0.03310900     0.03126500     0.02952500     0.02788500     0.02633800
    0.02487800     0.02350000     0.02220000     0.02097100     0.01981100     0.01871500
    0.01767800     0.01669700     0.01577000     0.01489200     0.01406100     0.01327400
    0.01252800     0.01182100     0.01115200     0.01051700 
new_orb 2
center 0.0 0.0 0.25
    0.00000000     0.06482000     0.12884300     0.19129300     0.25143000     0.30856800
    0.36209400     0.41147400     0.45627100     0.49614300     0.53085400     0.56027000
    0.58435800     0.60317800     0.61687900     0.62568600     0.62989000     0.62983500
    0.62590300     0.61850600     0.60806900     0.59502100     0.57978400     0.56276500
    0.54434700     0.52488400     0.50469800     0.48407500     0.46326500     0.44248200
    0.42190400     0.40167700     0.38191600     0.36271000     0.34412200     0.32619700
    0.30896100     0.29242800     0.27659900     0.26146800     0.24702300     0.23324700
    0.22012100     0.20762400     0.19573400     0.18443000     0.17369100     0.16349800
    0.15382900     0.14466800     0.13599600     0.12779500     0.12004900     0.11274000
    0.10585400     0.09937200     0.09328000     0.08756000     0.08219700     0.07717300
    0.07247300     0.06808000     0.06397700     0.06014900     0.05657900     0.05325200
    0.05015200     0.04726500     0.04457500     0.04206900     0.03973400     0.03755600
    0.03552500     0.03362900     0.03185600     0.03019800     0.02864400     0.02718700
    0.02581900     0.02453100     0.02331800     0.02217300     0.02109200     0.02006800
    0.01909800     0.01817700     0.01730100     0.01646800     0.01567500     0.01491800
    0.01419500     0.01350500     0.01284500     0.01221400     0.01161000     0.01103200
    0.01047800     0.00994800     0.00944000     0.00895400 
new_orb 3
center 0.0 0.0 0.25
    0.00000000     0.06788300     0.13488800     0.20016100     0.26289000     0.32232900
    0.37781100     0.42876700     0.47473300     0.51536000     0.55041500     0.57978200
    0.60345700     0.62154200     0.63423100     0.64180100     0.64459800     0.64302000
    0.63750400     0.62851000     0.61650600     0.60195900     0.58532200     0.56702100
    0.54745600     0.52698900     0.50594200     0.48459800     0.46319900     0.44194500
    0.42100200     0.40049900     0.38053500     0.36118500     0.34249700     0.32450200
    0.30721800     0.29064600     0.27478400     0.25961800     0.24513500     0.23131500
    0.21814000     0.20558900     0.19364200     0.18228000     0.17148500     0.16123800
    0.15152300     0.14232300     0.13362200     0.12540300     0.11765200     0.11035100
    0.10348400     0.09703500     0.09098700     0.08532300     0.08002500     0.07507600
    0.07045700     0.06615200     0.06214200     0.05841000     0.05493800     0.05170900
    0.04870800     0.04591800     0.04332300     0.04091000     0.03866300     0.03657100
    0.03462100     0.03280000     0.03109900     0.02950700     0.02801500     0.02661400
    0.02529700     0.02405700     0.02288700     0.02178100     0.02073400     0.01974200
    0.01879900     0.01790300     0.01704900     0.01623500     0.01545900     0.01471700
    0.01400700     0.01332800     0.01267800     0.01205600     0.01145900     0.01088800
    0.01034000     0.00981500     0.00931200     0.00883000 
new_orb 0
center 0.333333 0.666667 0.25
    1.40165200     1.39967300     1.39375600     1.38394800     1.37033300     1.35302500
    1.33216800     1.30793200     1.28051500     1.25013700     1.21703700     1.18147200
    1.14371100     1.10403400     1.06272800     1.02008200     0.97638600     0.93192600
    0.88698100     0.84182400     0.79671200     0.75189200     0.70759200     0.66402400
    0.62138100     0.57983700     0.53954600     0.50063800     0.46322600     0.42740100
    0.39323600     0.36078100     0.33007200     0.30112500     0.27394200     0.24851100
    0.22480500     0.20278700     0.18241000     0.16361800     0.14634900     0.13053300
    0.11609900     0.10296900     0.09106700     0.08031400     0.07063100     0.06194000
    0.05416600     0.04723400     0.04107300     0.03561500     0.03079500     0.02655300
    0.02283000     0.01957500     0.01673600     0.01426800     0.01213000     0.01028400
    0.00869400     0.00732900     0.00616100     0.00516400     0.00431700     0.00359800
    0.00299100     0.00247900     0.00204900     0.00168900     0.00138800     0.00113800
    0.00093000     0.00075800     0.00061600     0.00049900     0.00040300     0.00032500
    0.00026100     0.00020900     0.00016700     0.00013300     0.00010600     0.00008400
    0.00006600     0.00005200     0.00004100     0.00003200     0.00002500     0.00002000
    0.00001500     0.00001200     0.00000900     0.00000700     0.00000500     0.00000400
    0.00000300     0.00000200     0.00000200     0.00000100 
new_orb 1
center 0.333333 0.666667 0.25
    0.00000000     0.06421700     0.12752100     0.18902700     0.24789800     0.30337300
    0.35478100     0.40156100     0.44327200     0.47960100     0.51036400     0.53550400
    0.55508600     0.56928300     0.57836800     0.58269400     0.58267800     0.57878400
    0.57150500     0.56134500     0.54880500     0.53436900     0.51849300     0.50159300
    0.48404400     0.46617100     0.44825000     0.43050800     0.41312100     0.39622500
    0.37991300     0.36424400     0.34924600     0.33492500     0.32126600     0.30824100
    0.29581100     0.28393200     0.27256000     0.26164600     0.25114900     0.24102700
    0.23124400     0.22177200     0.21258300     0.20365800     0.19498300     0.18654500
    0.17833700     0.17035600     0.16259900     0.15506700     0.14776100     0.14068200
    0.13383400     0.12721900     0.12083900     0.11469600     0.10879000     0.10312100
    0.09768900     0.09249100     0.08752600     0.08279000     0.07827800     0.07398500
    0.06990600     0.06603500     0.06236500     0.05888800     0.05559800     0.05248600
    0.04954600     0.04676900     0.04414800     0.04167400     0.03934100     0.03714000
    0.03506600     0.03310900     0.03126500     0.02952500     0.02788500     0.02633800
    0.02487800     0.02350000     0.02220000     0.02097100     0.01981100     0.01871500
    0.01767800     0.01669700     0.01577000     0.01489200     0.01406100     0.01327400
    0.01252800     0.01182100     0.01115200     0.01051700 
new_orb 2
center 0.333333 0.666667 0.25
    0.00000000     0.06482000     0.12884300     0.19129300     0.25143000     0.30856800
    0.36209400     0.41147400     0.45627100     0.49614300     0.53085400     0.56027000
    0.58435800     0.60317800     0.61687900     0.62568600     0.62989000     0.62983500
    0.62590300     0.61850600     0.60806900     0.59502100     0.57978400     0.56276500
    0.54434700     0.52488400     0.50469800     0.48407500     0.46326500     0.44248200
    0.42190400     0.40167700     0.38191600     0.36271000     0.34412200     0.32619700
    0.30896100     0.29242800     0.27659900     0.26146800     0.24702300     0.23324700
    0.22012100     0.20762400     0.19573400     0.18443000     0.17369100     0.16349800
    0.15382900     0.14466800     0.13599600     0.12779500     0.12004900     0.11274000
    0.10585400     0.09937200     0.09328000     0.08756000     0.08219700     0.07717300
    0.07247300     0.06808000     0.06397700     0.06014900     0.05657900     0.05325200
    0.05015200     0.04726500     0.04457500     0.04206900     0.03973400     0.03755600
    0.03552500     0.03362900     0.03185600     0.03019800     0.02864400     0.02718700
    0.02581900     0.02453100     0.02331800     0.02217300     0.02109200     0.02006800
    0.01909800     0.01817700     0.01730100     0.01646800     0.01567500     0.01491800
    0.01419500     0.01350500     0.01284500     0.01221400     0.01161000     0.01103200
    0.01047800     0.00994800     0.00944000     0.00895400 
new_orb 3
center 0.333333 0.666667 0.25
    0.00000000     0.06788300     0.13488800     0.20016100     0.26289000     0.32232900
    0.37781100     0.42876700     0.47473300     0.51536000     0.55041500     0.57978200
    0.60345700     0.62154200     0.63423100     0.64180100     0.64459800     0.64302000
    0.63750400     0.62851000     0.61650600     0.60195900     0.58532200     0.56702100
    0.54745600     0.52698900     0.50594200     0.48459800     0.46319900     0.44194500
    0.42100200     0.40049900     0.38053500     0.36118500     0.34249700     0.32450200
    0.30721800     0.29064600     0.27478400     0.25961800     0.24513500     0.23131500
    0.21814000     0.20558900     0.19364200     0.18228000     0.17148500     0.16123800
    0.15152300     0.14232300     0.13362200     0.12540300     0.11765200     0.11035100
    0.10348400     0.09703500     0.09098700     0.08532300     0.08002500     0.07507600
    0.07045700     0.06615200     0.06214200     0.05841000     0.05493800     0.05170900
    0.04870800     0.04591800     0.04332300     0.04091000     0.03866300     0.03657100
    0.03462100     0.03280000     0.03109900     0.02950700     0.02801500     0.02661400
    0.02529700     0.02405700     0.02288700     0.02178100     0.02073400     0.01974200
    0.01879900     0.01790300     0.01704900     0.01623500     0.01545900     0.01471700
    0.01400700     0.01332800     0.01267800     0.01205600     0.01145900     0.01088800
    0.01034000     0.00981500     0.00931200     0.00883000 