lattice_vecs
    1.23364563    -2.13673691     0.00000000
    1.23364563     2.13673691     0.00000000
    0.00000000     0.00000000    15.00000000
atoms
    0.00000000     0.00000000     0.25000000 C
    0.33333333     0.66666667     0.25000000 C
orbitals
    0.00000000     0.00000000     0.25000000 0 s
    0.00000000     0.00000000     0.25000000 0 pz
    0.00000000     0.00000000     0.25000000 0 px
    0.00000000     0.00000000     0.25000000 0 py
    0.33333333     0.66666667     0.25000000 1 s
    0.33333333     0.66666667     0.25000000 1 pz
    0.33333333     0.66666667     0.25000000 1 px
    0.33333333     0.66666667     0.25000000 1 py
fermi energy    -3.61933885
energy shift    -2.88280000
